$SPEC_ID:
No sample description was entered.
$SPEC_REM:
DET# 3
DETDESC# JLAB-18 MCB 131
AP# Maestro Version 7.01
$DATE_MEA:
11/26/2018 15:07:05
$MEAS_TIM:
119 120
$DATA:
0 2047
       0
       0
       0
       0
       0
       0
       0
       0
       0
       0
       0
       0
       0
       0
       0
       0
       0
       0
       0
       0
       0
       0
       0
       0
       0
       0
       0
       0
       0
       0
       0
       0
       0
       0
       0
       0
       0
       0
       0
       0
       0
       0
       0
       0
       0
       0
       0
       0
       0
       0
       0
       0
       0
       0
       0
       0
       0
       0
       0
       0
       0
       0
       0
       0
       0
       0
       0
       0
       0
       0
       0
       0
       0
       0
       0
       0
       0
       0
       0
       0
       0
       0
       0
       0
       0
       0
       0
       0
       0
       0
       0
       0
       0
       0
       0
       0
       0
       1
       0
       0
       2
       4
       1
       2
       5
       4
       3
       7
       9
       7
       7
       4
       4
       8
       6
       8
       4
       3
       2
       6
       1
       6
      11
       2
       3
       7
       3
       4
       5
       2
       7
       4
       4
       7
       9
       4
       5
       8
       4
       5
       9
       8
       8
       5
       7
       4
       5
       7
       8
       4
       6
       7
       7
      10
      11
       6
       7
       6
       8
       3
       6
      11
      11
       5
       7
       6
      10
       9
       9
       1
       6
       4
       8
       6
      10
       7
      11
       7
       9
       6
       6
      17
      14
       8
       7
       8
       9
       7
       6
       2
       7
      12
       6
      11
      12
       8
      11
      11
      11
      13
       7
       8
       8
       8
      14
       7
       6
       8
       8
      11
       9
       9
      16
      11
      10
       7
       7
      11
      13
      11
      12
       8
       7
      20
      15
      15
       5
      17
       9
      18
      10
      10
      18
      14
      12
      16
      11
      11
      14
       6
      15
      15
      10
       4
      12
      12
      14
      17
      12
      10
      17
      17
      14
      15
      13
      17
       8
      23
      10
       7
      15
      19
      11
      13
      16
      20
      13
      13
      13
      17
      16
      20
      16
      19
      14
      19
      14
      17
      10
      18
      14
      13
      16
      16
      12
      16
      13
      14
      14
       9
      18
      16
      22
       8
      15
      24
      20
      16
      18
      20
      20
      22
      19
      15
      19
      15
      17
      18
      19
      12
      14
      14
      13
      20
      12
      24
      24
       9
      26
      20
      19
      21
      15
      16
      16
      29
      10
      17
      13
      18
      15
      14
      15
      16
      25
      20
      25
      30
      23
      19
      22
      27
      24
      15
      20
      20
      14
      18
      23
      24
      18
      15
      20
      29
      24
      21
      19
      19
      16
      23
      19
      12
      20
      18
      20
      16
      18
      23
      21
      21
      29
      17
      27
      17
      19
      18
      14
      20
      17
      16
      23
      33
      24
      23
      18
      26
      16
      22
      18
      21
      20
      20
      21
      28
      23
      24
      19
      19
      17
      25
      15
      29
      14
      29
      24
      25
      24
      20
      17
      23
      20
      23
      22
      17
      24
      21
      20
      20
      17
      26
      18
      27
      32
      20
      20
      25
      24
      16
      20
      28
      29
      18
      21
      19
      20
      12
      34
      18
      19
      13
      18
      28
      19
      17
      28
      15
      14
      26
      18
      22
      20
      19
       9
      28
      22
      24
      19
      19
      25
      19
      16
      25
      19
      17
      28
      21
      27
      22
      30
      14
      10
      17
      16
      22
      16
      19
      29
      17
      25
      15
      12
      16
      18
      29
      24
      15
      26
      24
      14
      17
      25
      19
      28
      26
      17
      19
      22
      19
      14
      17
      15
      18
      17
      11
      14
      19
      22
      17
      12
      13
      18
      18
      17
      16
      16
      11
      20
      21
      16
      17
      16
      15
      11
      13
      10
      16
      17
      15
      16
      10
      11
      18
      22
      11
      17
       7
      16
      15
      17
      10
      18
       9
      14
      16
      14
      16
      10
      18
      13
      14
      19
      12
       4
      14
      12
       9
      11
      19
      17
       7
      13
      15
      10
      14
       7
      10
      15
      11
       7
       9
      12
      11
      11
       6
      17
      11
      12
       8
      12
       4
      10
       7
       9
      10
      12
      12
       8
       8
       8
       8
       8
       9
       5
      10
      14
       8
       6
      11
       7
       7
       9
      11
       8
      14
       5
       7
       7
      11
       3
      11
       5
      10
       8
       6
       3
       5
       5
       8
       3
       6
      11
       6
       6
       4
       3
       4
       8
       5
       8
       8
       5
       3
       3
       3
       6
       5
       3
       3
      13
       1
       7
       4
       0
       5
       5
       5
       5
       5
       9
       3
       1
       2
       2
       1
       6
       3
       4
       5
       4
       5
       5
       4
       8
       2
       1
       1
       3
       4
       5
       3
       3
       2
       5
       4
       3
       3
       3
       6
       4
       2
       0
       1
       1
       4
       1
       4
       1
       3
       1
       4
       1
       3
       2
       4
       2
       1
       3
       5
       0
       2
       0
       0
       1
       1
       4
       1
       2
       1
       1
       1
       1
       0
       1
       4
       2
       1
       3
       1
       1
       3
       0
       0
       2
       1
       1
       1
       2
       2
       0
       2
       2
       0
       1
       1
       3
       1
       0
       1
       0
       1
       2
       0
       3
       3
       0
       0
       3
       0
       1
       0
       1
       0
       2
       1
       0
       0
       1
       2
       1
       0
       0
       0
       0
       1
       3
       2
       1
       0
       0
       1
       2
       1
       1
       1
       1
       2
       0
       0
       1
       1
       0
       0
       0
       0
       0
       3
       1
       0
       0
       0
       0
       0
       0
       0
       1
       1
       1
       0
       0
       0
       0
       0
       0
       1
       0
       0
       0
       1
       2
       1
       1
       1
       1
       2
       0
       0
       0
       0
       1
       1
       0
       0
       0
       1
       0
       0
       1
       1
       1
       0
       0
       0
       0
       0
       0
       0
       0
       0
       0
       0
       0
       1
       0
       0
       1
       1
       1
       0
       0
       0
       0
       0
       1
       0
       0
       0
       0
       0
       0
       0
       0
       1
       0
       0
       1
       0
       0
       0
       0
       0
       0
       1
       0
       0
       0
       0
       0
       0
       0
       0
       0
       0
       0
       0
       0
       2
       0
       0
       0
       1
       0
       0
       0
       1
       0
       0
       1
       1
       0
       0
       0
       0
       0
       0
       0
       0
       0
       0
       0
       0
       0
       1
       0
       0
       0
       1
       0
       0
       1
       0
       0
       0
       0
       0
       0
       0
       0
       0
       1
       0
       0
       0
       0
       0
       0
       0
       0
       0
       0
       0
       0
       0
       0
       0
       0
       1
       0
       0
       0
       0
       0
       0
       0
       0
       0
       0
       0
       0
       0
       0
       0
       0
       0
       0
       0
       0
       0
       1
       0
       0
       0
       0
       0
       0
       0
       0
       0
       0
       1
       1
       0
       0
       0
       0
       0
       0
       0
       0
       1
       0
       0
       0
       0
       1
       0
       1
       0
       0
       1
       0
       0
       0
       0
       0
       0
       0
       0
       0
       0
       0
       0
       1
       0
       0
       0
       0
       0
       0
       0
       0
       0
       0
       0
       0
       0
       0
       0
       0
       0
       0
       0
       0
       0
       0
       0
       0
       0
       0
       0
       0
       0
       0
       0
       0
       0
       0
       0
       0
       0
       0
       0
       1
       0
       0
       0
       0
       0
       0
       0
       0
       0
       0
       0
       0
       0
       0
       0
       0
       0
       0
       0
       0
       0
       0
       0
       0
       0
       0
       0
       0
       0
       0
       0
       0
       0
       1
       0
       0
       0
       0
       0
       0
       0
       0
       0
       0
       0
       0
       0
       0
       0
       0
       0
       0
       1
       0
       0
       0
       0
       0
       0
       0
       0
       0
       0
       0
       0
       0
       0
       0
       0
       1
       0
       0
       0
       0
       0
       0
       0
       0
       0
       0
       0
       0
       0
       0
       0
       0
       0
       0
       0
       0
       0
       0
       0
       0
       0
       0
       0
       0
       0
       0
       0
       0
       0
       0
       0
       0
       0
       0
       0
       0
       0
       0
       0
       0
       1
       0
       0
       0
       0
       0
       0
       0
       0
       0
       0
       0
       0
       0
       0
       0
       0
       0
       0
       0
       0
       0
       0
       0
       0
       0
       0
       0
       0
       0
       0
       0
       0
       0
       0
       0
       0
       0
       0
       0
       0
       0
       0
       0
       0
       0
       0
       0
       0
       0
       0
       0
       0
       0
       0
       0
       0
       0
       0
       0
       0
       0
       0
       0
       0
       0
       0
       0
       0
       0
       0
       0
       0
       0
       0
       0
       0
       0
       0
       0
       0
       0
       0
       0
       0
       0
       0
       0
       0
       0
       0
       0
       0
       0
       0
       0
       0
       0
       0
       0
       0
       0
       0
       0
       0
       0
       0
       0
       0
       0
       0
       0
       0
       0
       0
       0
       0
       0
       0
       0
       0
       0
       0
       0
       0
       0
       0
       0
       0
       0
       0
       0
       0
       0
       0
       0
       0
       0
       0
       0
       0
       0
       0
       0
       0
       0
       0
       0
       0
       0
       0
       0
       0
       0
       0
       0
       0
       0
       0
       0
       0
       0
       0
       0
       0
       0
       0
       0
       0
       0
       0
       0
       0
       0
       0
       0
       0
       0
       0
       0
       0
       0
       0
       0
       0
       0
       0
       0
       0
       0
       0
       0
       0
       0
       0
       0
       0
       0
       0
       0
       0
       0
       0
       0
       0
       0
       0
       0
       0
       0
       0
       0
       0
       0
       0
       0
       0
       0
       0
       0
       0
       0
       0
       0
       0
       0
       0
       0
       0
       0
       0
       0
       0
       0
       0
       0
       0
       0
       0
       0
       0
       0
       0
       0
       0
       0
       0
       0
       0
       0
       0
       0
       0
       0
       0
       0
       0
       0
       0
       0
       0
       0
       0
       0
       0
       0
       0
       0
       0
       0
       0
       0
       0
       0
       0
       0
       0
       0
       0
       0
       0
       0
       0
       0
       0
       0
       0
       0
       0
       0
       0
       0
       0
       0
       0
       0
       0
       0
       0
       0
       0
       0
       0
       0
       1
       0
       0
       0
       0
       0
       0
       0
       0
       0
       0
       0
       0
       0
       0
       0
       0
       0
       0
       0
       0
       0
       0
       0
       0
       0
       0
       0
       0
       0
       0
       0
       0
       0
       0
       0
       0
       0
       0
       0
       0
       0
       0
       0
       0
       0
       0
       0
       0
       0
       0
       0
       0
       0
       0
       0
       0
       1
       0
       0
       0
       0
       0
       0
       0
       0
       0
       0
       0
       0
       0
       0
       0
       0
       0
       0
       0
       0
       0
       0
       0
       0
       0
       0
       0
       0
       0
       0
       0
       0
       0
       0
       0
       0
       0
       0
       0
       0
       0
       0
       0
       0
       0
       0
       0
       0
       0
       0
       0
       0
       0
       0
       0
       0
       0
       0
       0
       0
       0
       0
       0
       0
       0
       0
       0
       0
       1
       0
       0
       0
       0
       0
       0
       0
       0
       0
       0
       0
       0
       0
       0
       0
       0
       0
       0
       0
       0
       0
       0
       0
       0
       0
       0
       0
       0
       0
       0
       0
       0
       0
       0
       1
       0
       0
       0
       0
       0
       0
       0
       0
       0
       0
       0
       0
       0
       0
       0
       0
       0
       0
       0
       0
       0
       0
       0
       0
       0
       0
       0
       0
       0
       0
       0
       0
       0
       0
       0
       0
       0
       0
       0
       0
       0
       0
       0
       0
       1
       0
       1
       0
       0
       0
       0
       0
       0
       0
       0
       0
       0
       0
       0
       0
       0
       0
       0
       0
       0
       0
       0
       0
       0
       0
       0
       0
       0
       0
       0
       0
       0
       0
       0
       0
       0
       0
       0
       0
       0
       0
       0
       0
       0
       0
       0
       0
       0
       0
       0
       0
       0
       0
       0
       0
       0
       0
       0
       0
       0
       0
       0
       0
       0
       0
       0
       0
       0
       0
       0
       0
       0
       0
       0
       0
       0
       0
       0
       0
       0
       0
       0
       0
       0
       0
       0
       0
       0
       0
       0
       0
       0
       0
       0
       0
       0
       0
       0
       0
       0
       0
       0
       0
       0
       0
       0
       0
       0
       0
       0
       0
       0
       0
       0
       0
       0
       0
       0
       0
       0
       0
       0
       0
       0
       0
       0
       0
       0
       0
       0
       0
       0
       0
       0
       0
       0
       0
       0
       0
       0
       0
       0
       0
       0
       0
       0
       0
       0
       0
       0
       0
       0
       0
       0
       0
       0
       0
       0
       0
       0
       0
       0
       0
       0
       0
       0
       0
       0
       0
       0
       0
       0
       0
       0
       0
       0
       0
       0
       0
       0
       0
       0
       0
       0
       0
       0
       0
       0
       0
       0
       0
       0
       0
       0
       0
       0
       0
       0
       0
       0
       0
       0
       0
       0
       0
       0
       0
       0
       0
       0
       0
       0
       0
       0
       0
       0
       0
       0
       0
       0
       0
       0
       0
       0
       0
       0
       0
       0
       0
       0
       0
       0
       0
       0
       0
       0
       0
       0
       0
       0
       0
       0
       0
       0
       0
       0
       0
       0
       0
       0
       0
       0
       0
       0
       0
       0
       0
       0
       0
       0
       0
       0
       0
       0
       0
       0
       0
       0
       0
       0
       0
       0
       0
       0
       0
       0
       0
       0
       0
       0
       0
       0
       0
       0
       0
       0
       0
       0
       0
       0
       0
       0
       0
       0
       0
       0
       0
       0
       0
       0
       0
       0
       0
       0
       0
       0
       0
       0
       0
       0
       0
       0
       0
       0
       0
       0
       0
       0
       0
       0
       0
       0
       0
       0
       0
       0
       0
       0
       0
       0
       0
       0
       0
       0
       0
       0
       0
       0
       0
       0
       0
       0
       0
       0
       0
       0
       0
       0
       0
       0
       0
       0
       0
       0
       0
       0
       0
       0
       0
       0
       0
       0
       0
       0
       0
       0
       0
       0
       0
       0
       0
$ROI:
1
569 687
$PRESETS:
Real Time
120
0
$ENER_FIT:
-32.615425 1.335664
$MCA_CAL:
3
-3.261543E+001 1.335664E+000 0.000000E+000 keV
$SHAPE_CAL:
3
0.000000E+000 0.000000E+000 0.000000E+000
