$SPEC_ID:
No sample description was entered.
$SPEC_REM:
DET# 3
DETDESC# JLAB-18 MCB 131
AP# Maestro Version 7.01
$DATE_MEA:
11/26/2018 15:09:31
$MEAS_TIM:
119 120
$DATA:
0 2047
       0
       0
       0
       0
       0
       0
       0
       0
       0
       0
       0
       0
       0
       0
       0
       0
       0
       0
       0
       0
       0
       0
       0
       0
       0
       0
       0
       0
       0
       0
       0
       0
       0
       0
       0
       0
       0
       0
       0
       0
       0
       0
       0
       0
       0
       0
       0
       0
       0
       0
       0
       0
       0
       0
       0
       0
       0
       0
       0
       0
       0
       0
       0
       0
       0
       0
       0
       0
       0
       0
       0
       0
       0
       0
       0
       0
       0
       0
       0
       0
       0
       0
       0
       0
       0
       0
       0
       0
       0
       0
       0
       0
       0
       0
       0
       0
       0
       0
       0
       0
       0
       2
       7
       6
       4
       6
       3
       8
       4
       5
       8
      10
       1
       2
       5
       3
       4
       3
       0
      10
       6
       6
       5
       6
       2
       5
       7
       3
       8
       2
       6
       2
       9
       4
       9
       4
       8
       4
       7
       6
       8
       7
       3
       2
      10
       4
       4
       6
       3
       9
       6
       5
       5
      10
       5
       4
       6
       7
      10
       7
       8
       9
      12
       9
      10
       4
       3
       7
       6
      13
       8
       6
       8
       7
      10
       8
       3
      10
      11
      11
      13
      10
       5
      10
       1
      16
      10
       9
       8
       6
       8
      15
       6
      13
       7
       8
       8
      10
      13
      12
      10
      13
      11
      16
       5
      12
       5
      10
       8
      11
      12
      15
      10
      15
      10
       9
       9
      14
       9
      14
      14
      10
      10
       7
      11
      10
      13
      11
       8
       7
      18
      17
      14
       8
      12
      10
      11
       7
      19
      16
      11
      13
       5
      11
       9
      14
      14
       9
      10
      10
       7
      15
      12
      13
      15
       5
      15
      10
       9
       5
      12
      11
      11
       9
       8
       9
      11
      12
      12
      11
      11
      15
      15
      15
      15
      13
      12
      10
      25
      14
      22
      13
      18
      19
      17
      12
      26
      16
      14
      14
      26
      30
      13
      18
      23
      12
      13
      18
      11
      16
      16
      19
      14
      16
      16
      22
      19
      17
      22
      21
      23
      24
      17
      17
      14
      12
      10
      19
      17
      16
      17
      18
      21
      18
      20
      12
      20
      26
      18
      17
      20
      26
      29
      14
      23
      27
      13
      18
      21
      24
      18
      18
      13
      20
      18
      23
      19
      18
      19
      19
      17
      18
      21
      28
      33
      24
      20
      17
      27
      12
      17
      21
      26
      18
      24
      22
      17
      24
      25
      18
      23
      24
      19
      20
      16
      17
      16
      26
      24
      24
      22
      22
      16
      25
      25
      31
      21
      30
      18
      23
      14
      26
      14
      18
      20
      21
      21
      20
      31
      19
      18
      24
      15
      23
      22
      22
      24
      22
       9
      27
      18
      15
      22
      21
      16
      27
      28
      13
      14
      19
      24
      21
      26
      17
      29
      27
      20
      15
      17
      17
      39
      19
      15
      18
      24
      24
      26
      16
      18
      18
      11
      11
      27
      23
      23
      33
      22
      13
      18
      19
      19
      18
      15
      20
      16
      22
      23
      24
      13
      10
      15
      16
      17
      13
      20
      22
      24
      21
      18
      21
      20
      18
      16
      22
      16
      21
      25
      17
      13
      13
      14
      16
      12
      22
      19
      19
      20
      24
      17
      14
      15
      20
      18
      19
      23
      14
      24
      19
      22
      12
       9
      21
      23
      22
      19
      13
      17
      18
      11
      19
      19
      21
      11
      13
      15
      15
      16
      14
      18
      14
      13
      12
      16
      23
      11
      16
      21
      15
      13
      16
       8
       9
      11
      13
      16
      14
      12
      14
      13
      15
      13
       7
      15
      20
      19
       9
      11
      10
       9
       6
      19
       9
       9
      14
      17
       6
      14
      16
      18
      15
      15
      13
       9
      15
       5
      12
       8
      17
      11
      13
      13
       6
      11
       6
      11
       7
      14
       8
       8
       9
      10
       9
      12
      10
       8
      17
      11
       4
      12
      12
       7
       8
       8
       6
       8
       5
       9
       6
       6
       6
       6
       6
      13
       6
       6
       8
      10
       5
       7
       6
       7
      11
      11
       4
       7
       3
       2
       6
      11
       5
       7
       4
       4
       4
       2
       7
       4
       5
       7
       6
       6
       5
       7
       3
       8
       3
       4
       6
       6
       5
       2
       4
       7
       4
       1
       3
       8
       9
       2
       5
       4
       4
       3
       0
       5
       4
       2
       6
       6
       3
       3
       4
       5
       2
       5
       2
       2
       2
       5
       4
       1
       4
       0
       2
       3
       0
       8
       0
       5
       1
       2
       1
       0
       4
       1
       5
       4
       2
       4
       3
       5
       1
       2
       2
       1
       2
       3
       1
       1
       3
       2
       1
       5
       4
       4
       4
       3
       2
       0
       5
       3
       0
       2
       2
       3
       0
       0
       2
       1
       1
       3
       0
       2
       0
       1
       1
       0
       1
       3
       0
       1
       0
       0
       0
       0
       2
       1
       1
       1
       2
       1
       0
       0
       2
       2
       1
       1
       0
       1
       0
       1
       0
       1
       1
       0
       0
       0
       1
       1
       1
       0
       0
       3
       0
       0
       0
       0
       1
       0
       0
       1
       1
       0
       0
       2
       2
       1
       0
       0
       0
       0
       3
       0
       0
       2
       0
       1
       0
       0
       1
       0
       2
       1
       1
       0
       0
       0
       1
       0
       2
       0
       0
       0
       0
       0
       2
       0
       1
       0
       0
       1
       0
       1
       0
       0
       0
       1
       0
       4
       0
       1
       0
       1
       1
       0
       2
       0
       0
       0
       1
       2
       0
       0
       0
       1
       1
       0
       0
       0
       0
       0
       0
       0
       1
       0
       1
       0
       0
       0
       0
       0
       0
       0
       0
       0
       0
       0
       1
       0
       2
       0
       0
       0
       0
       1
       0
       0
       0
       2
       0
       0
       0
       0
       0
       0
       1
       0
       1
       0
       0
       0
       1
       0
       1
       0
       1
       0
       0
       0
       0
       0
       0
       0
       0
       0
       0
       0
       0
       0
       0
       0
       0
       0
       0
       0
       0
       0
       0
       0
       0
       0
       0
       0
       0
       0
       0
       0
       0
       0
       0
       0
       0
       0
       0
       0
       0
       0
       0
       0
       0
       1
       0
       0
       0
       0
       0
       0
       0
       0
       0
       0
       0
       0
       0
       0
       0
       0
       0
       0
       0
       1
       0
       0
       0
       0
       0
       0
       1
       0
       0
       0
       0
       0
       0
       2
       0
       0
       0
       0
       0
       0
       0
       0
       0
       0
       0
       0
       0
       0
       0
       0
       0
       0
       0
       1
       0
       0
       0
       0
       0
       0
       0
       0
       0
       0
       0
       0
       0
       0
       0
       0
       1
       0
       0
       0
       0
       1
       0
       0
       0
       0
       0
       0
       0
       0
       0
       0
       0
       0
       0
       0
       0
       0
       0
       0
       0
       0
       1
       1
       0
       0
       0
       0
       0
       1
       0
       0
       0
       0
       0
       0
       0
       0
       0
       0
       0
       0
       0
       0
       0
       0
       0
       0
       0
       0
       0
       0
       0
       0
       0
       0
       0
       0
       0
       0
       0
       0
       0
       1
       0
       0
       0
       0
       0
       0
       0
       0
       0
       0
       0
       0
       0
       0
       0
       0
       0
       0
       0
       0
       0
       0
       0
       0
       0
       0
       0
       0
       0
       0
       0
       0
       0
       0
       0
       0
       0
       0
       0
       0
       0
       0
       0
       0
       0
       0
       0
       0
       0
       0
       0
       0
       0
       0
       0
       0
       0
       0
       0
       0
       0
       0
       0
       0
       0
       0
       0
       0
       0
       0
       0
       0
       0
       0
       0
       0
       0
       0
       0
       0
       0
       0
       0
       0
       0
       0
       0
       0
       0
       1
       0
       0
       0
       0
       0
       0
       0
       0
       0
       0
       0
       0
       0
       0
       0
       0
       0
       0
       0
       0
       0
       0
       0
       0
       0
       0
       0
       0
       0
       0
       0
       0
       0
       0
       0
       0
       0
       0
       0
       0
       0
       0
       0
       0
       0
       0
       0
       0
       0
       0
       0
       0
       0
       0
       0
       0
       0
       0
       0
       0
       0
       0
       0
       1
       0
       0
       0
       0
       0
       0
       0
       0
       0
       0
       0
       0
       0
       0
       0
       0
       0
       0
       0
       0
       0
       0
       0
       0
       0
       0
       0
       0
       0
       0
       0
       0
       0
       0
       0
       0
       0
       0
       0
       0
       0
       0
       0
       0
       0
       0
       0
       0
       0
       0
       0
       0
       0
       0
       0
       0
       0
       0
       0
       0
       0
       0
       0
       0
       0
       0
       0
       0
       0
       0
       0
       0
       0
       0
       0
       0
       0
       0
       0
       0
       0
       0
       0
       0
       0
       0
       0
       1
       0
       0
       0
       0
       0
       0
       0
       0
       0
       0
       0
       0
       0
       0
       0
       0
       0
       0
       0
       0
       0
       0
       0
       0
       0
       0
       0
       0
       0
       0
       0
       0
       0
       0
       0
       0
       0
       0
       0
       0
       0
       0
       0
       0
       0
       0
       0
       0
       0
       0
       0
       0
       0
       0
       0
       0
       0
       0
       0
       0
       0
       0
       0
       0
       0
       0
       0
       0
       0
       0
       0
       0
       0
       0
       0
       0
       0
       0
       0
       0
       0
       0
       0
       0
       0
       0
       0
       0
       0
       0
       0
       0
       0
       0
       0
       0
       0
       0
       0
       0
       0
       0
       0
       0
       0
       0
       0
       0
       0
       0
       0
       0
       0
       0
       0
       0
       0
       0
       0
       0
       0
       0
       0
       0
       0
       0
       0
       0
       0
       0
       0
       0
       0
       0
       0
       0
       0
       0
       0
       0
       0
       0
       0
       0
       0
       0
       0
       0
       0
       0
       0
       0
       0
       0
       0
       0
       0
       0
       0
       0
       0
       0
       0
       0
       0
       0
       0
       0
       0
       0
       0
       0
       0
       0
       0
       0
       0
       0
       0
       0
       0
       0
       0
       0
       0
       0
       0
       0
       0
       0
       0
       0
       0
       0
       0
       0
       0
       0
       0
       0
       0
       0
       0
       0
       0
       0
       0
       0
       0
       0
       0
       0
       0
       0
       0
       0
       0
       0
       1
       0
       0
       0
       0
       0
       0
       0
       0
       0
       0
       0
       0
       0
       0
       0
       0
       0
       0
       0
       0
       0
       0
       0
       0
       0
       0
       0
       0
       0
       0
       0
       0
       0
       0
       0
       0
       0
       0
       0
       0
       0
       0
       0
       0
       0
       0
       0
       0
       0
       0
       0
       0
       0
       0
       0
       0
       0
       0
       0
       0
       0
       0
       0
       0
       0
       0
       0
       0
       0
       0
       0
       0
       0
       0
       0
       0
       0
       0
       0
       0
       0
       0
       0
       0
       0
       0
       0
       0
       0
       0
       0
       0
       0
       0
       0
       0
       0
       0
       0
       0
       0
       0
       0
       0
       0
       0
       0
       0
       0
       0
       0
       0
       0
       0
       0
       0
       0
       0
       0
       0
       0
       0
       0
       0
       0
       0
       0
       0
       0
       0
       0
       0
       0
       0
       0
       0
       0
       0
       0
       0
       0
       0
       0
       0
       0
       0
       0
       0
       0
       0
       0
       0
       0
       0
       0
       0
       0
       0
       0
       0
       0
       0
       0
       0
       0
       0
       0
       0
       0
       0
       0
       0
       0
       0
       0
       0
       0
       0
       0
       0
       0
       0
       0
       0
       0
       0
       0
       0
       0
       0
       0
       0
       0
       0
       0
       0
       0
       0
       0
       0
       0
       0
       0
       0
       0
       0
       0
       0
       0
       0
       0
       0
       0
       1
       0
       0
       0
       0
       0
       0
       0
       0
       0
       0
       0
       0
       0
       0
       0
       0
       0
       0
       0
       0
       0
       0
       0
       0
       0
       0
       0
       0
       0
       0
       0
       0
       0
       0
       0
       0
       0
       0
       0
       0
       0
       0
       0
       0
       0
       0
       0
       0
       0
       0
       0
       0
       0
       0
       0
       0
       0
       0
       0
       0
       0
       0
       0
       0
       0
       0
       0
       0
       0
       0
       0
       0
       0
       0
       0
       0
       0
       0
       0
       0
       0
       0
       0
       0
       0
       0
       0
       0
       0
       0
       0
       0
       0
       0
       0
       0
       0
       0
       0
       0
       0
       0
       0
       0
       0
       0
       0
       0
       0
       0
       0
       0
       0
       0
       0
       0
       0
       0
       0
       0
       0
       0
       0
       0
       0
       0
       0
       0
       0
       0
       0
       0
       0
       0
       0
       0
       0
       0
       0
       0
       0
       0
       0
       0
       0
       0
       0
       0
       0
       0
       0
       0
       0
       0
       0
       0
       0
       0
       0
       0
       0
       0
       0
       0
       0
       0
       0
       0
       0
       0
       0
       0
       0
       0
       0
       0
       0
       0
       0
       0
       0
       0
       0
       0
       0
       0
       0
       0
       0
       0
       0
       0
       0
       0
       0
       0
       0
       0
       0
       0
       0
       0
       0
       0
       0
       0
       0
       0
       0
       0
       0
       0
       0
       0
       0
       0
       0
       0
       0
       0
       0
       0
       0
       0
       0
       0
       0
       0
       0
       0
       0
       0
       0
       0
       0
       0
       0
       0
       0
       0
       0
       0
       0
       0
       0
       0
       0
       0
       0
       0
       0
       0
       0
       0
       0
       0
       0
       0
       0
       0
       0
       0
       0
       0
       0
       0
       0
       0
       0
       0
       0
       0
       0
       0
       0
       0
       0
       0
       0
       0
       0
       0
       0
       0
       0
       0
       0
       0
       0
       0
       0
       0
       0
       0
       0
       0
       0
       0
       0
       0
       0
       0
       0
       0
$ROI:
1
569 687
$PRESETS:
Real Time
120
0
$ENER_FIT:
-32.615425 1.335664
$MCA_CAL:
3
-3.261543E+001 1.335664E+000 0.000000E+000 keV
$SHAPE_CAL:
3
0.000000E+000 0.000000E+000 0.000000E+000
