$SPEC_ID:
Central Velocity Selector Voltage
$SPEC_REM:
DET# 1
DETDESC# JLAB-11 MCB 132
AP# Maestro Version 7.01
$DATE_MEA:
10/05/2018 14:35:16
$MEAS_TIM:
407117 411928
$DATA:
0 2047
       0
       0
       0
       0
       0
       0
       0
       0
       0
       0
       0
       0
       0
       0
       0
       0
       0
       0
       0
       0
       0
       0
       0
       0
       0
       0
       0
       0
       0
       0
       0
       0
       0
       0
       0
       0
       0
       0
       0
       0
       0
       0
       0
       0
       0
       1
       0
       0
      46
     238
     233
     182
     171
     173
     149
     130
     124
     130
     129
   49811
  419682
  401405
  384014
  368548
  355524
  343646
  333464
  326008
  319160
  313790
  310150
  308340
  307158
  307046
  308377
  310711
  315620
  319996
  328158
  336332
  344924
  357610
  370490
  385182
  403627
  421969
  442854
  466431
  493264
  520268
  549599
  579668
  609848
  646460
  679028
  713335
  746586
  779697
  809244
  841392
  865936
  891883
  912667
  930627
  942056
  953376
  957255
  956968
  953104
  944149
  928715
  911631
  890006
  863415
  837949
  804182
  772620
  737711
  699967
  664248
  627545
  589731
  550558
  515601
  480569
  445322
  411962
  379501
  350852
  322860
  295660
  270395
  247674
  226608
  207708
  190244
  173271
  158057
  145450
  133363
  123008
  114215
  105316
   98377
   92620
   87073
   81760
   78237
   74185
   71451
   69003
   67374
   66235
   64774
   63712
   63094
   61980
   62182
   62242
   61571
   61557
   61469
   61328
   61438
   61365
   61929
   62514
   62273
   63372
   63318
   63489
   64062
   64473
   64634
   65469
   65252
   66051
   66670
   67222
   67627
   67721
   68046
   68110
   69004
   68490
   68701
   69264
   68794
   69195
   68993
   68981
   69167
   68540
   68848
   68854
   68702
   68239
   68153
   68092
   67934
   67938
   68045
   67659
   67476
   67532
   67643
   67221
   67518
   67280
   66956
   66253
   66919
   66194
   65871
   65575
   65062
   64946
   64901
   64459
   64076
   63406
   62886
   62600
   62231
   61591
   61137
   60620
   59940
   59399
   58947
   58445
   57838
   57392
   56364
   55949
   55427
   54610
   53886
   53012
   52535
   51839
   51469
   50757
   50199
   49728
   48969
   49017
   48022
   47791
   47141
   47045
   46925
   46838
   46610
   46910
   47112
   47661
   47887
   48416
   49201
   50487
   50836
   52166
   53195
   54690
   56174
   57772
   59770
   60985
   62835
   64549
   65917
   67442
   69605
   71066
   71980
   72767
   73164
   74275
   74297
   73748
   74322
   73747
   73055
   71216
   70312
   68232
   66287
   64364
   62392
   59601
   57229
   54944
   53043
   50014
   47976
   45686
   42936
   41065
   39513
   37358
   35723
   34440
   32740
   31895
   30664
   29801
   29076
   28066
   27225
   26702
   26292
   25734
   25370
   25048
   24615
   24659
   24312
   24744
   24179
   24035
   23772
   23939
   23755
   23798
   23389
   23347
   23380
   23120
   23023
   23003
   23195
   23053
   22944
   22916
   23050
   22967
   22684
   22612
   22370
   22820
   22395
   22703
   22611
   22313
   22171
   21899
   21986
   22029
   21949
   21872
   21889
   21695
   21772
   21642
   21887
   21446
   21721
   21379
   21395
   21262
   21253
   21425
   21087
   21260
   21188
   21011
   20974
   20896
   21056
   20871
   20698
   20890
   20739
   20450
   20263
   20586
   20559
   20343
   20387
   20232
   20288
   20334
   20177
   20157
   20209
   19927
   19979
   20071
   19779
   19979
   19658
   19586
   19692
   19678
   19753
   19493
   19395
   19347
   19339
   19371
   19254
   19133
   19347
   19190
   19377
   19186
   19022
   19193
   18857
   19182
   19228
   19063
   18801
   18923
   18812
   18863
   18962
   18632
   18511
   18703
   18334
   18554
   18662
   18499
   18406
   18250
   18767
   18537
   18310
   18341
   18539
   18439
   18093
   18287
   18111
   18038
   18246
   18192
   18252
   18234
   17947
   18219
   17955
   18082
   18079
   17996
   18127
   17757
   17759
   17910
   17981
   18060
   17848
   17971
   17647
   17849
   17833
   17583
   17744
   17499
   17784
   17615
   17506
   17542
   17650
   17428
   17710
   17614
   17546
   17432
   17505
   17641
   17688
   17528
   17469
   17324
   17490
   17350
   17143
   17285
   17392
   17259
   17175
   17219
   17179
   17178
   17242
   17100
   17005
   16958
   16878
   16863
   16653
   16858
   16907
   16715
   16481
   16542
   16508
   16260
   16473
   16349
   16316
   16326
   16381
   16210
   16164
   16054
   16225
   15668
   16093
   15972
   15826
   15957
   15779
   15574
   15880
   15671
   15786
   15782
   15783
   15847
   16031
   15830
   15722
   15755
   15683
   15709
   15607
   15665
   15676
   15298
   15734
   15711
   15584
   15694
   15411
   15343
   15457
   15399
   15455
   15162
   15315
   15356
   15259
   15242
   15331
   15178
   15339
   14942
   15063
   15049
   14932
   15004
   14903
   14570
   14878
   14735
   14616
   14747
   14385
   14506
   14514
   14074
   14442
   14351
   14011
   13782
   13791
   13559
   13581
   13225
   13602
   13284
   12982
   13201
   12841
   12871
   12780
   12743
   12657
   12475
   12605
   12519
   12282
   12377
   12222
   12381
   12118
   12142
   12030
   11957
   11959
   11836
   11644
   12036
   11620
   11844
   11763
   11652
   11720
   11879
   11739
   11515
   11441
   11703
   11494
   11496
   11450
   11632
   11737
   11659
   11610
   11613
   11595
   11481
   11481
   11499
   11429
   11554
   11275
   11430
   11328
   11621
   11442
   11546
   11422
   11508
   11434
   11570
   11526
   11462
   11668
   11567
   11761
   11738
   11555
   11305
   11356
   11489
   11714
   11533
   11515
   11726
   11814
   11324
   11404
   11686
   11690
   11476
   11681
   11582
   11530
   11628
   11506
   11366
   11452
   11635
   11581
   11582
   11433
   11579
   11701
   11524
   11625
   11530
   11569
   11613
   11531
   11464
   11634
   11700
   11674
   11557
   11534
   11603
   11410
   11548
   11564
   11493
   11609
   11593
   11750
   11645
   11621
   11435
   11640
   11684
   11622
   11596
   11471
   11476
   11422
   11558
   11223
   11490
   11435
   11139
   11228
   11371
   11014
   10985
   10843
   10883
   10716
   10582
   10490
   10359
   10109
    9965
   10032
    9859
    9643
    9370
    9172
    8812
    8941
    8537
    8425
    8272
    8086
    7809
    7625
    7486
    7322
    7106
    6702
    6534
    6441
    6143
    5973
    5774
    5571
    5681
    5462
    5211
    5142
    4922
    4736
    4729
    4623
    4632
    4378
    4320
    4163
    4074
    4145
    4003
    3983
    3737
    3815
    3763
    3784
    3729
    3695
    3761
    3746
    3612
    3505
    3571
    3398
    3495
    3553
    3507
    3517
    3515
    3358
    3456
    3463
    3362
    3375
    3236
    3262
    3304
    3276
    3305
    3220
    3243
    3180
    3148
    3227
    3214
    3169
    3188
    3109
    3164
    3138
    3148
    3091
    3059
    3041
    3007
    3101
    2922
    3084
    2864
    2834
    2846
    2917
    2811
    2804
    2674
    2796
    2701
    2762
    2796
    2704
    2623
    2620
    2559
    2594
    2590
    2490
    2549
    2618
    2558
    2425
    2474
    2404
    2408
    2321
    2416
    2381
    2455
    2370
    2441
    2309
    2421
    2384
    2278
    2381
    2323
    2362
    2373
    2370
    2397
    2338
    2423
    2318
    2297
    2373
    2402
    2310
    2424
    2413
    2354
    2232
    2311
    2367
    2357
    2366
    2312
    2412
    2332
    2342
    2406
    2286
    2270
    2276
    2297
    2297
    2383
    2368
    2370
    2417
    2338
    2384
    2341
    2405
    2394
    2315
    2380
    2434
    2348
    2401
    2445
    2480
    2280
    2355
    2435
    2348
    2480
    2375
    2384
    2355
    2321
    2340
    2312
    2381
    2279
    2338
    2392
    2390
    2350
    2316
    2311
    2374
    2240
    2270
    2276
    2230
    2238
    2276
    2176
    2198
    2195
    2236
    2108
    2111
    2101
    2122
    2144
    2116
    1984
    2049
    2041
    2040
    2042
    1996
    1969
    1928
    1891
    1869
    1826
    1815
    1781
    1752
    1818
    1753
    1627
    1626
    1584
    1616
    1522
    1507
    1533
    1504
    1427
    1377
    1342
    1349
    1346
    1330
    1335
    1189
    1266
    1234
    1218
    1168
    1195
    1133
    1158
    1126
    1158
    1094
    1137
    1068
    1114
    1010
    1039
    1080
    1009
    1020
    1021
     970
    1004
    1000
     968
     936
     911
     925
     896
     871
     874
     862
     853
     834
     889
     844
     763
     832
     776
     785
     804
     734
     747
     731
     715
     761
     739
     736
     737
     722
     710
     739
     715
     684
     687
     666
     669
     651
     682
     713
     704
     645
     659
     669
     648
     700
     685
     654
     642
     658
     641
     618
     727
     665
     659
     607
     636
     645
     655
     618
     663
     612
     623
     624
     650
     635
     595
     597
     632
     606
     609
     618
     609
     629
     621
     626
     669
     680
     612
     668
     647
     707
     702
     657
     625
     682
     697
     714
     695
     684
     683
     710
     647
     719
     745
     715
     729
     729
     722
     701
     688
     589
     678
     615
     619
     667
     619
     631
     637
     584
     566
     570
     569
     549
     579
     512
     543
     581
     515
     541
     552
     573
     518
     547
     528
     510
     510
     540
     544
     528
     519
     524
     525
     506
     540
     552
     527
     572
     488
     537
     484
     534
     513
     514
     536
     520
     470
     475
     463
     513
     512
     408
     492
     469
     467
     447
     448
     449
     463
     436
     408
     459
     450
     432
     416
     409
     450
     437
     396
     406
     417
     421
     374
     382
     347
     371
     329
     363
     342
     367
     336
     345
     310
     363
     305
     315
     300
     307
     321
     287
     288
     276
     289
     304
     303
     255
     277
     245
     271
     260
     237
     212
     248
     243
     219
     245
     241
     235
     220
     214
     170
     211
     205
     179
     188
     175
     193
     213
     170
     170
     166
     192
     171
     155
     157
     169
     157
     172
     150
     164
     146
     148
     141
     157
     120
     148
     146
     142
     149
     146
     140
     121
     129
     121
     131
     120
     116
     131
     120
     121
     123
     139
     122
     134
     134
     148
     149
     178
     156
     164
     189
     240
     229
     221
     237
     238
     295
     269
     267
     291
     313
     318
     360
     366
     324
     357
     331
     334
     355
     346
     331
     333
     353
     296
     278
     283
     314
     222
     243
     221
     210
     200
     175
     169
     149
     155
     135
      98
     102
      87
      76
      56
      76
      74
      67
      52
      55
      52
      34
      30
      38
      33
      34
      35
      24
      24
      26
      25
      15
      22
      27
      21
      24
      29
      28
      28
      23
      17
      23
      21
      19
      21
      15
      22
      15
      21
      20
      25
      15
      22
      20
      15
      26
      15
      21
      25
      25
      23
      24
      18
      14
      13
      22
      28
      22
      31
      29
      22
      30
      25
      24
      27
      27
      29
      29
      29
      32
      38
      26
      31
      31
      37
      27
      41
      42
      39
      31
      39
      48
      44
      46
      33
      35
      43
      26
      37
      24
      21
      27
      27
      23
      28
      27
      17
      14
      18
      18
      20
      10
      14
      12
      13
      11
       6
      13
      10
       9
       5
      12
      15
      17
      12
       9
       6
       9
       8
       8
      12
      11
       6
       8
       6
      15
      13
      11
       8
      10
      12
       6
       5
       9
       8
      13
       8
       4
      12
       6
       8
      11
       7
       9
      12
      10
      11
       7
      15
       5
       5
       9
      13
       9
       7
       9
       9
      10
      13
       3
      14
      11
       4
       9
      12
      10
       4
      14
       9
       7
      11
      11
       9
       2
       8
       9
       7
       8
      10
       5
       7
       9
      10
       9
       6
       4
       4
       6
      10
      10
       3
      10
       7
       1
       8
       7
      12
       5
       7
      12
      11
      10
       8
       4
       5
       6
       7
       5
      11
       7
      10
      10
       4
       9
       4
       6
       8
      11
       5
       5
       6
       6
       2
       4
       7
       7
       8
       8
       2
       7
       7
      10
      10
       8
       7
       8
       5
       5
      10
       3
       6
       0
       5
       2
      11
      12
       4
       8
       7
       7
       8
       6
       6
       3
       4
       4
       5
       9
       3
       9
       9
       8
      12
       6
       3
       4
       6
       8
       3
      10
       5
       4
       9
       9
       9
       1
       4
       6
       4
       8
       4
       2
       4
       3
       3
       5
       7
       6
       2
       8
       8
       6
       7
       4
       9
       9
       3
       3
      13
       1
       5
      10
       7
       9
       3
       5
       6
       7
       5
       5
       3
       7
      12
       2
       3
       3
       7
       9
       5
       8
       4
      12
       6
       4
       3
       7
       2
       9
       5
       3
       4
       7
       9
       3
       1
       9
       5
       4
       4
       5
       3
       8
       3
       5
       3
       2
       4
       5
       2
       9
       5
       5
       4
       4
       6
       2
       8
       1
       6
       5
       5
       8
       9
       9
       3
       4
       4
       1
      10
       5
       6
       6
       6
       4
       3
       3
       8
       9
       9
      11
       3
       6
       3
       2
       5
       5
       9
       5
       5
       3
       4
       4
       6
       6
       0
       6
       4
       2
       3
       0
       3
       3
       1
       5
       8
       3
       5
       3
       5
       3
       6
       4
       3
       3
       1
       3
       4
       7
       4
       2
       2
       3
       4
       3
       4
       1
       3
       2
       1
       2
       3
       6
       3
       4
       2
       5
       9
       5
       4
       2
       4
       1
       2
       3
       4
       3
       1
       3
       7
       1
       1
       4
       3
       1
       3
       2
       5
       2
       0
       3
       6
       1
       8
       3
       5
       4
       1
       4
       7
       4
       2
       5
       4
       4
       5
       3
       1
       5
       1
       3
       4
       5
       1
       7
       6
       7
       5
       4
       4
       4
       2
       2
       1
       2
       6
       6
       0
       1
       2
       1
       3
       4
       3
       3
       3
       6
       2
       5
       4
       2
       5
       6
       1
       4
       2
       4
       5
       3
       1
       2
       5
       1
       1
       3
       3
       2
       4
       4
       3
       1
       2
       1
       1
       3
       3
       3
       2
       5
       1
       4
       1
       1
       0
       3
       3
       0
       2
       3
       1
       3
       2
       3
       2
       3
       2
       3
       3
       1
       3
       7
       2
       2
       4
       2
       2
       1
       3
       1
       2
       8
       4
       2
       1
       3
       2
       2
       0
       2
       3
       1
       5
       2
       0
       1
       1
       3
       1
       1
       3
       5
       0
       3
       1
       3
       4
       2
       1
       4
       1
       3
       2
       5
       2
       2
       2
       1
       2
       3
       3
       5
       4
       2
       2
       3
       2
       2
       1
       4
       1
       3
       2
       1
       4
       2
       2
       1
       3
       2
       3
       1
       0
       1
       4
       1
       2
       0
       3
       3
       2
       5
       2
       4
       1
       2
       1
       1
       3
       2
       3
       1
       2
       1
       2
       9
       1
       3
       2
       3
       1
       2
       2
       2
       0
       5
       4
       0
       2
       3
       0
       0
       2
       4
       1
       1
       1
       2
       1
       0
       1
       0
       2
       2
       2
       3
       4
       3
       3
       3
       3
       0
       0
       4
       1
       1
       2
       0
       5
       5
       3
       1
       3
       2
       3
       2
       2
       2
       4
       2
       0
       1
       2
       1
       2
       3
       0
       1
       2
       2
       4
       1
       1
       0
       1
       2
       2
       1
       0
       2
       2
       2
       1
       4
       4
       1
       4
       3
       2
       3
       1
       3
       1
       3
       1
       2
       1
       0
       1
       5
       3
       1
       1
       2
       1
       4
       2
       0
       0
       0
       0
       0
       0
       0
       0
       0
       0
       0
       0
       0
       0
       0
       0
       0
       0
       0
       0
       0
       0
       0
       0
       0
       0
       0
       0
       0
       0
       0
       0
$ROI:
0
$PRESETS:
None
0
0
$ENER_FIT:
-0.163132 0.241402
$MCA_CAL:
3
-1.631319E-001 2.414016E-001 0.000000E+000 keV
$SHAPE_CAL:
3
3.389885E+001 -6.502870E-003 0.000000E+000
