0
0
0
0
0
0
0
0
0
0
0
0
0
0
0
0
0
0
0
0
0
0
0
0
0
0
0
0
0
0
0
0
0
0
0
0
0
0
0
0
0
0
0
0
0
0
0
0
0
0
0
0
0
0
0
0
0
0
0
0
0
0
0
0
0
0
0
0
0
0
0
0
0
0
0
0
0
0
0
0
0
0
0
0
0
0
0
0
0
0
0
0
0
0
0
0
0
0
0
0
0
1
0
0
2
0
0
1
0
0
2
1
0
0
2
0
1
1
3
0
2
0
2
1
0
4
1
0
1
0
2
3
0
3
3
0
0
2
0
0
1
0
0
0
1
0
0
1
0
2
1
0
1
0
1
0
0
0
0
1
1
0
0
1
3
0
0
0
0
0
0
0
0
1
0
1
0
1
1
1
1
0
1
1
2
0
1
1
1
0
0
1
0
0
0
1
1
2
1
2
1
0
1
0
1
2
0
0
0
1
1
1
0
1
0
0
0
1
1
0
1
1
0
0
0
3
0
1
0
1
0
0
0
0
0
1
0
0
0
1
0
0
0
1
0
0
0
0
0
1
0
0
0
1
0
0
0
0
0
0
0
0
0
2
0
1
1
0
0
0
0
1
0
0
0
1
1
0
3
1
0
1
1
0
0
0
0
0
0
1
0
1
0
1
1
0
0
0
1
0
1
0
0
0
0
0
0
0
1
0
1
1
0
1
0
1
0
0
0
0
1
0
0
0
2
0
1
0
0
0
0
0
0
0
0
0
0
0
0
0
0
0
1
1
0
0
0
0
0
0
0
1
1
0
0
0
0
0
0
0
0
0
1
0
0
1
0
1
0
0
0
0
0
1
1
0
0
0
1
1
0
1
2
0
0
0
1
0
0
0
0
1
0
0
0
0
0
0
1
0
0
0
1
0
0
1
1
0
0
1
1
0
0
0
1
0
0
0
0
0
0
0
1
0
0
0
1
1
0
0
0
0
0
0
0
1
0
0
0
0
1
0
0
0
0
0
1
0
0
1
0
0
0
1
0
0
0
1
0
0
0
1
0
0
0
0
0
0
0
1
1
0
0
0
0
1
2
0
1
0
0
0
0
1
1
0
0
0
0
0
0
0
0
1
2
1
0
1
0
0
1
0
0
0
0
0
0
2
0
1
0
0
1
0
0
1
1
0
0
0
0
0
0
0
0
0
0
0
0
0
0
0
0
0
0
0
0
0
0
0
0
0
0
0
0
0
0
0
0
0
0
0
0
0
0
0
0
1
0
0
0
1
1
0
0
1
1
0
0
0
1
0
0
0
1
2
0
0
0
1
0
0
1
0
0
1
0
0
0
1
1
0
0
0
2
0
0
2
0
1
1
0
0
1
0
0
0
0
0
0
0
0
0
1
2
0
0
1
0
0
1
0
0
1
1
0
0
0
0
1
0
1
0
0
1
0
0
0
0
0
0
0
0
0
0
0
0
0
0
0
0
0
0
0
0
0
1
0
0
1
0
1
0
1
0
1
0
0
0
0
0
0
0
1
0
0
0
0
1
0
0
0
0
0
0
0
0
0
0
0
1
0
0
0
0
1
0
1
0
0
0
1
0
0
1
0
0
1
0
1
0
0
1
0
2
1
1
0
0
1
0
0
0
0
0
0
0
0
0
0
0
0
0
2
1
0
0
0
0
0
0
0
1
0
1
1
1
0
1
0
0
0
0
1
0
0
1
1
0
0
0
0
0
1
0
1
0
0
1
0
0
1
0
0
0
1
0
0
0
0
1
1
0
0
1
0
0
1
0
0
1
0
0
1
0
1
1
1
2
0
0
0
1
0
0
0
3
0
1
0
0
0
1
1
1
0
0
0
0
0
0
1
0
0
0
0
0
1
0
0
0
0
1
0
0
0
0
0
1
0
0
0
0
0
0
0
0
0
0
1
1
1
0
1
0
0
1
0
0
0
1
0
0
0
0
1
0
0
0
0
0
0
1
0
1
0
0
0
0
0
1
1
1
0
1
0
1
0
0
0
0
0
0
0
0
1
0
0
0
0
0
0
0
0
0
1
1
1
1
0
0
1
0
0
1
0
1
1
0
1
0
1
0
0
0
2
0
0
0
1
2
0
0
0
0
1
0
1
0
0
1
0
0
1
1
0
0
0
0
0
0
1
0
0
1
1
1
0
0
1
1
1
0
1
1
0
0
0
0
0
0
0
1
1
2
0
0
1
0
0
0
1
0
0
0
0
0
0
1
0
1
0
0
0
0
0
1
2
2
0
0
0
0
0
0
0
0
0
0
1
0
1
2
0
0
1
1
2
1
0
1
1
0
0
1
0
1
0
1
0
1
0
0
0
0
0
0
0
0
1
0
0
0
0
1
2
0
2
0
2
1
1
0
2
0
0
0
0
0
0
0
0
0
0
0
0
0
0
0
1
1
1
0
1
0
1
1
1
0
0
0
1
0
1
0
0
0
1
0
1
0
1
0
2
1
0
0
0
1
0
0
1
2
1
0
0
2
0
1
0
0
2
1
1
0
1
0
1
1
0
0
2
0
0
0
0
0
1
0
1
0
0
0
0
1
1
1
0
3
0
1
3
1
2
0
2
1
1
0
1
0
0
3
1
1
2
1
0
1
0
0
0
2
0
0
1
0
1
1
1
1
1
1
1
1
2
0
0
0
1
0
0
0
2
1
1
1
1
1
0
0
0
1
0
1
2
1
1
1
1
3
2
0
0
0
0
0
0
1
0
0
1
0
1
1
0
1
0
0
0
3
0
3
0
0
0
1
1
2
0
1
0
2
2
1
0
2
1
1
0
1
0
1
0
1
1
0
0
1
0
0
0
1
0
0
2
1
0
2
2
1
1
0
1
0
0
3
0
0
2
0
0
1
0
0
1
1
1
0
4
1
1
0
0
1
2
2
1
0
4
2
0
0
3
2
2
1
0
3
0
2
2
2
1
0
0
2
1
1
0
2
1
2
0
0
3
4
1
2
4
2
2
3
2
1
2
4
2
1
1
2
1
0
1
1
1
1
2
4
0
2
2
2
2
3
1
1
1
3
2
3
0
1
2
2
3
1
2
2
3
3
1
4
5
5
6
1
2
2
4
6
4
4
2
1
3
3
2
3
4
4
5
5
4
5
5
0
3
3
2
6
6
3
3
5
4
3
11
3
5
4
11
1
3
5
4
4
0
4
7
4
3
5
9
4
5
5
4
1
11
6
12
10
8
3
2
5
4
11
6
12
9
9
9
6
2
6
9
7
6
9
10
5
10
7
3
9
12
13
13
8
15
11
10
15
7
11
11
11
14
15
12
17
11
16
10
15
14
9
16
10
11
15
14
10
12
14
17
13
28
17
26
18
34
18
18
21
19
25
18
18
21
16
20
28
20
23
23
19
27
28
21
27
25
40
36
30
21
25
31
32
40
29
41
29
26
36
32
39
37
35
37
37
50
33
38
48
47
44
27
58
46
42
42
49
49
58
41
50
43
42
60
49
56
57
55
46
60
54
54
66
63
61
63
65
65
60
55
55
64
62
64
55
70
63
80
65
71
75
73
63
72
54
62
76
61
74
58
65
79
74
77
64
80
64
67
88
64
70
58
69
79
88
72
73
72
84
81
64
86
64
83
74
77
73
72
78
72
88
68
68
86
63
73
78
65
82
80
72
74
90
74
61
76
68
81
66
78
67
69
72
64
63
69
63
70
65
56
61
64
60
56
62
55
62
48
58
49
57
46
61
56
53
53
46
48
50
52
59
42
49
33
56
52
38
41
35
45
45
41
39
44
39
44
35
35
29
30
35
35
27
27
35
29
35
29
24
35
19
33
17
17
22
22
25
29
22
21
12
18
17
19
14
13
14
11
12
7
8
11
16
7
17
12
9
7
7
11
6
11
11
8
11
6
7
9
10
2
3
4
5
4
6
2
2
3
2
5
4
5
4
3
1
2
3
0
1
5
2
2
5
3
2
2
1
1
5
3
0
2
1
1
2
2
0
1
2
1
2
0
0
1
0
2
1
1
1
0
0
0
0
0
1
0
0
0
0
0
0
0
0
0
0
0
0
0
0
0
0
0
0
0
0
0
0
0
0
0
0
1
0
0
0
0
0
1
0
0
1
0
0
0
0
0
0
0
0
0
0
0
0
0
0
0
0
0
0
0
1
0
0
0
0
0
0
0
1
0
0
0
0
0
0
0
0
0
0
0
0
0
0
0
0
0
0
0
0
0
0
0
0
0
0
0
0
0
0
0
0
0
0
0
0
0
0
0
0
0
0
0
0
0
0
0
0
0
0
0
0
0
0
0
0
0
0
0
0
0
0
0
0
0
0
0
0
0
0
0
0
0
0
0
0
0
0
0
0
0
0
0
0
0
0
0
0
0
0
0
0
0
0
0
0
0
0
0
0
0
0
0
0
0
0
0
0
0
0
0
0
0
0
0
0
0
0
0
0
0
0
0
0
0
0
0
0
1
0
0
0
0
0
0
0
0
0
0
0
0
0
0
0
0
0
0
0
0
0
0
0
0
0
0
0
0
0
0
0
0
0
0
0
0
0
0
0
0
0
0
0
0
0
0
0
0
0
0