0
0
0
0
0
0
0
0
0
0
0
0
0
0
0
0
0
0
0
0
0
0
0
0
0
0
0
0
0
0
0
0
0
0
0
0
0
0
0
0
0
0
0
0
0
0
0
0
0
0
0
0
0
0
0
0
0
0
0
0
0
0
0
0
0
0
0
0
0
0
0
0
0
0
0
0
0
0
0
0
1
0
0
0
0
0
0
0
0
0
0
0
0
0
0
0
0
0
0
0
0
4
1
4
1
1
1
0
0
1
0
0
0
1
2
1
6
1
2
0
0
1
1
3
0
1
1
2
2
1
2
0
1
0
3
2
2
1
1
0
0
0
0
1
1
3
0
0
0
1
1
1
1
0
1
0
3
2
1
0
0
0
0
1
2
2
3
1
0
1
2
2
0
0
1
0
2
2
1
2
0
0
1
2
1
0
1
1
1
0
0
1
0
0
0
0
0
0
1
2
0
1
2
2
1
2
0
1
0
0
0
1
0
1
2
1
0
0
0
0
0
0
0
0
1
0
0
0
0
1
0
0
0
1
0
1
2
0
0
0
0
2
0
0
0
1
0
0
1
0
0
0
0
0
0
1
2
1
2
0
0
1
0
0
0
0
0
0
0
0
0
1
2
0
1
0
0
0
1
0
2
1
0
1
1
0
0
0
1
1
0
1
2
2
1
0
1
0
2
0
0
1
0
0
1
1
2
0
3
2
0
0
3
0
0
2
0
0
0
0
0
1
0
1
0
2
0
0
1
0
0
1
0
0
1
0
0
0
0
0
0
0
0
0
1
0
0
0
1
0
1
0
0
1
0
0
0
0
1
1
0
1
1
1
1
0
1
0
0
0
1
0
0
0
0
0
0
0
2
0
0
2
1
0
0
0
0
3
0
0
0
0
0
0
0
0
0
0
0
1
0
1
1
0
0
0
0
2
0
1
0
0
0
0
0
0
1
1
0
2
0
0
0
0
0
2
1
0
1
1
0
0
1
0
0
1
0
0
2
0
1
1
0
0
0
0
0
0
0
0
0
0
1
2
0
0
1
0
0
0
0
0
1
0
1
0
0
0
0
1
1
1
1
0
0
2
0
0
0
0
2
0
1
0
0
0
1
0
0
0
0
3
1
0
0
1
0
2
0
0
0
0
0
0
0
0
0
0
1
1
0
1
0
0
0
0
0
2
0
0
0
1
0
0
0
2
0
0
0
0
0
0
1
1
0
0
0
0
0
1
0
0
1
0
1
1
0
0
0
0
2
1
0
0
0
1
0
0
1
1
0
1
0
0
0
1
0
0
1
1
0
0
1
1
1
1
1
0
0
1
0
1
1
2
1
1
3
0
2
1
1
0
1
1
1
0
0
0
0
0
1
0
1
0
0
0
0
2
0
0
1
0
1
0
1
1
0
0
1
2
0
0
1
1
2
0
0
0
1
1
0
1
1
0
0
1
0
0
0
0
0
0
1
0
0
2
0
1
0
2
1
1
0
0
0
1
0
1
1
2
1
0
0
2
1
2
1
0
0
0
0
1
0
0
0
0
1
0
1
0
0
1
1
1
0
0
1
1
0
0
2
1
1
0
2
1
0
1
1
0
0
0
1
0
0
0
0
0
1
0
1
0
0
1
1
1
0
0
0
0
0
1
0
1
0
0
0
0
0
0
1
0
0
1
0
0
0
0
1
0
0
0
0
0
1
0
0
1
0
1
0
1
0
1
1
0
0
0
3
0
1
1
1
0
0
1
2
0
0
2
0
1
0
1
2
0
0
0
2
0
1
0
0
1
0
1
0
2
1
1
2
0
0
1
0
0
1
2
1
0
1
1
1
0
0
1
0
1
3
0
2
1
1
0
1
1
1
0
0
4
0
0
1
0
0
0
0
1
1
2
2
1
1
0
2
5
0
0
3
1
3
1
1
0
0
0
0
1
3
1
0
1
1
2
0
0
1
2
1
1
0
3
0
1
1
1
1
0
0
2
1
1
0
0
1
0
0
4
0
1
1
0
3
1
1
1
2
1
1
2
0
0
2
1
2
0
0
0
2
0
0
1
2
1
0
0
2
0
0
3
1
4
1
2
0
2
1
1
0
1
1
3
1
1
2
2
1
0
2
3
1
0
0
1
1
0
0
2
0
1
2
1
2
1
0
2
2
1
4
1
3
2
3
1
0
2
3
1
2
1
2
5
1
1
3
1
2
3
2
2
3
3
1
0
1
3
0
2
4
2
3
3
1
3
1
1
1
1
2
3
1
2
4
2
2
0
6
3
2
1
7
0
7
3
3
2
3
0
4
3
3
3
2
3
7
2
5
2
2
5
2
5
4
3
3
2
0
5
2
2
2
4
2
3
6
1
1
3
3
6
8
3
5
3
5
2
2
4
8
2
5
2
1
5
7
5
5
4
2
4
2
8
6
7
3
4
5
10
2
3
6
6
4
6
5
4
1
2
6
2
2
6
1
6
7
1
5
8
3
7
2
11
5
8
7
7
4
10
13
6
10
10
7
11
7
11
12
7
4
7
6
7
11
8
14
14
9
5
7
11
5
12
8
15
5
5
11
12
5
12
8
8
16
17
12
11
12
7
8
7
14
7
13
9
10
12
14
17
9
9
17
13
17
11
10
17
12
17
18
13
21
23
18
18
22
22
27
15
19
15
14
19
9
22
20
17
25
22
22
24
26
22
19
23
20
22
19
35
25
25
19
21
22
25
30
22
21
33
25
22
24
26
37
20
30
37
34
32
33
38
32
38
39
35
36
45
29
37
34
48
38
44
36
44
40
48
47
56
56
43
54
50
46
52
56
49
44
54
43
61
50
62
40
51
54
49
60
72
60
46
80
51
51
67
63
70
70
55
69
64
65
62
67
64
78
69
72
66
86
80
79
50
83
73
82
85
85
58
71
85
89
84
83
93
79
90
83
84
77
83
96
85
98
99
87
90
98
91
80
89
91
87
109
95
100
85
73
101
106
85
99
98
80
93
108
91
108
103
109
102
99
94
116
106
113
120
92
114
121
131
116
95
122
106
125
108
113
110
112
104
94
109
106
112
97
103
111
111
116
95
94
101
120
116
110
104
109
109
103
93
108
91
119
88
87
105
89
109
100
94
103
105
109
107
107
89
85
95
84
77
92
70
95
88
92
80
84
107
86
87
88
87
89
86
93
84
77
76
88
75
79
69
72
78
90
64
91
51
81
68
67
73
70
84
52
60
57
57
55
49
56
42
61
84
51
52
64
50
58
51
42
46
70
33
49
37
38
41
43
43
42
49
33
32
46
37
36
40
32
32
31
25
29
28
18
30
24
24
21
26
26
20
19
19
28
14
17
27
16
25
10
19
18
17
12
22
20
14
18
11
11
14
6
10
6
11
13
8
13
6
5
8
13
5
2
5
10
11
4
3
9
4
2
7
5
4
6
3
3
8
5
1
3
4
3
6
4
2
5
1
0
0
1
2
1
2
1
3
3
3
2
1
3
0
1
1
1
0
0
0
0
1
0
0
2
1
0
0
4
1
0
1
0
0
0
0
0
0
0
1
0
1
1
1
0
0
1
0
0
0
0
0
2
0
0
0
0
0
0
1
0
0
0
0
0
1
0
0
0
0
0
0
1
0
0
1
0
0
0
0
0
1
0
0
0
0
0
0
0
0
0
0
0
0
0
0
0
0
0
0
0
0
0
0
1
0
0
0
0
0
0
0
0
0
0
0
0
0
0
0
0
0
0
0
0
0
0
0
0
0
0
0
0
0
0
0
0
0
0
0
0
0
0
0
0
0
1
0
0
0
0
0
0
0
0
0
0
0
0
0
0
0
0
0
0
0
0
0
0
0
0
0
0
0
0
0
0
0
0
0
0
0
0
0
0
0
0
0
0
0
0
0
0
0
0
0
0
0
0
0
0
0
0
0
0
0
0
0
0
0
0
0
0
1
0
0
0
0
0
0
0
0
0
0
0
0
0
0
0
0
0
0
0
0
0
0
0
0
0
0
0
0
0
0
0
0
0
0
0
0
0
0
0
0
0
0
0
0
0
0
0
0
0
0
0
0
0
0
0
0
0
0
0
0
0
0
0
0
0
0
0
0
0
0
0
0
0
0
0
0
0
0
0
0
0
0
0
0
0
0
0
0
0
0
0
0
0
0
0
0
0
0
0
0
0
0
0
0
0
0
0
0
0
0
0
0
0
0
0
0
0
0
0
0
0
0
0
0
0
0
0
0
0
0
0
0
0
0
0
0
0
0
0
0
0
0
0
0
0
0
0
0
0
0
0
0
0
0
0
0
0
0
0
0
0
0
0
0
0
0
0
0
0
0
0
0
0
0
0
0
0
0
0
0
0
0
0
0
0
0
0
0
0
0
0
0
0
0
0
0
0
0
0
0
0
0
0
0
0
0
0
0
0
0
0
0
0
0
0
0
0
0
0
0
0
0
0
0
0
0
0
0
0
0
0
0
0
0
0
0
0
0
0
0
0
0
0
0
0
0
0
0
0
0
0
0
1
0
0
0
0
0
0
0
0
0
0
0
0
0
0
0
0
0
0
0
0
0
0
0
0
0
0
0
0
0
0
0
0
0
0
0
0
0
0
0