0
0
0
0
0
0
0
0
0
0
0
0
0
0
0
0
0
0
0
0
0
0
0
0
0
0
0
0
0
0
0
0
0
0
0
0
0
0
0
0
0
0
0
0
0
0
0
0
0
0
0
0
0
0
0
0
0
0
0
0
0
0
0
0
0
0
0
0
0
0
0
0
0
0
0
0
0
0
0
0
0
0
0
0
0
0
0
0
0
0
0
0
0
0
0
0
0
0
0
0
1
0
0
0
1
1
3
1
0
1
1
0
1
3
0
0
0
1
1
0
0
2
1
1
1
1
3
1
0
3
0
1
3
1
2
0
0
1
0
1
1
0
0
0
2
0
2
0
2
1
1
1
2
0
0
0
0
1
0
0
1
2
0
0
3
1
0
0
2
0
1
1
1
1
1
1
1
2
0
2
1
0
0
0
0
0
2
1
2
2
0
0
0
0
0
1
1
1
0
1
0
0
1
1
0
1
0
1
2
0
3
1
0
0
0
0
4
0
0
0
0
0
0
0
0
1
0
1
0
0
0
0
0
1
2
0
1
0
0
0
0
0
0
1
1
0
0
0
0
0
2
0
1
1
0
0
1
0
0
1
0
0
0
1
0
0
0
1
0
0
1
0
0
0
0
0
1
0
0
0
0
1
0
0
1
0
0
0
0
0
0
0
0
0
0
1
1
0
0
0
0
0
0
2
1
0
0
0
0
1
0
0
0
1
0
0
0
0
1
0
0
1
0
1
1
0
0
0
0
0
1
1
1
1
0
0
0
0
1
0
0
0
0
2
0
1
0
0
0
0
0
1
0
0
1
0
0
0
0
0
0
0
0
0
0
0
0
0
0
1
1
0
0
1
1
1
0
0
0
0
1
0
0
0
1
0
2
0
1
0
1
0
0
0
2
0
0
0
1
0
0
1
0
0
1
1
0
1
0
0
2
0
0
0
0
0
1
0
1
2
1
0
0
1
2
1
0
0
0
0
0
1
0
1
1
0
0
0
0
1
1
1
0
1
1
0
0
1
2
1
1
1
2
0
0
0
0
0
0
0
1
1
1
0
0
0
0
1
0
2
0
1
0
2
1
1
1
0
2
1
0
0
0
0
1
1
0
1
0
0
1
0
1
0
0
1
1
0
0
1
0
3
0
0
1
1
0
0
0
0
0
1
1
0
0
2
1
0
0
1
0
1
1
0
0
1
0
0
1
0
1
1
1
0
1
0
0
0
0
0
0
1
0
2
0
0
1
0
1
0
0
0
2
0
0
0
0
0
1
0
0
1
2
1
1
1
2
0
0
0
3
1
0
1
0
2
0
2
0
0
3
1
0
0
2
3
3
3
0
0
1
1
2
0
0
1
2
1
1
1
1
1
1
1
1
0
1
0
1
1
1
0
1
1
0
0
0
0
1
0
1
3
3
3
0
2
1
1
2
1
0
0
3
0
0
0
1
1
0
1
2
0
0
1
3
0
1
3
0
1
1
0
0
2
0
0
0
2
1
1
2
2
0
2
0
0
1
1
1
2
2
2
0
1
0
0
0
2
0
1
3
1
1
3
1
2
1
3
1
1
2
0
0
2
0
3
2
2
0
2
2
3
2
3
3
0
1
0
1
1
1
0
3
0
0
3
0
2
2
1
6
1
3
2
0
0
1
1
1
2
1
1
2
2
0
2
1
1
1
3
4
2
1
1
3
3
1
1
0
1
0
1
1
3
1
3
1
2
0
1
3
3
2
2
5
4
3
2
2
3
2
4
1
2
2
4
2
2
3
2
1
3
2
1
4
2
2
5
1
5
1
2
4
5
3
4
2
0
4
1
4
4
1
2
4
6
2
4
3
0
4
1
2
0
3
4
2
3
1
3
0
3
4
3
1
1
2
2
2
6
2
2
4
5
1
4
1
8
2
4
6
5
4
4
4
5
2
1
4
3
7
1
3
3
4
8
2
4
10
6
4
4
1
0
4
6
4
7
0
5
2
6
6
5
4
2
7
9
7
9
2
4
6
6
7
4
9
5
8
9
2
6
6
10
7
8
8
5
7
6
5
11
12
12
9
8
12
9
4
6
9
10
5
7
8
9
9
15
8
4
9
15
9
10
10
10
11
12
8
12
6
6
14
11
14
19
7
13
18
14
8
8
16
17
12
17
11
8
15
20
14
7
11
17
7
12
18
9
15
12
10
18
19
14
15
17
23
16
11
12
20
17
15
20
16
16
15
17
15
18
14
23
17
17
25
30
19
24
32
19
23
26
20
20
25
27
25
23
20
23
27
28
24
36
25
24
25
31
27
23
32
32
27
36
22
33
32
27
38
21
21
30
33
38
33
34
30
33
27
30
42
23
35
42
32
38
37
32
45
35
30
38
57
35
34
48
49
50
47
54
37
43
44
36
54
43
34
56
43
39
55
46
45
58
43
52
51
52
57
60
53
46
59
54
63
47
43
51
63
47
67
55
65
61
40
59
63
51
53
56
55
67
54
59
69
77
71
44
58
55
42
60
57
48
65
64
63
75
51
58
66
55
71
67
65
52
60
72
85
68
52
64
70
80
71
61
72
55
73
58
72
73
65
57
72
73
80
71
55
75
56
56
64
80
93
66
72
72
70
77
75
62
62
77
73
59
77
79
66
66
69
78
69
51
64
80
77
63
78
58
71
69
63
72
48
70
55
59
62
66
75
63
64
52
63
50
57
56
61
59
55
72
53
55
58
68
56
53
60
63
50
57
61
52
70
47
65
44
48
54
45
45
41
47
62
35
35
41
53
37
46
47
43
42
36
55
41
42
36
40
46
30
46
32
35
32
38
27
32
28
37
40
26
34
30
32
34
32
22
23
25
22
31
19
30
22
20
20
15
21
28
15
20
31
27
16
21
18
18
19
17
21
18
14
13
12
13
18
12
16
16
12
14
20
14
9
13
17
8
14
8
12
13
8
17
12
9
13
8
9
9
6
11
7
9
2
8
10
10
6
4
6
10
4
9
6
3
1
3
7
1
5
4
7
2
2
4
3
6
2
2
1
1
3
2
2
1
1
2
3
3
1
6
1
5
2
1
2
1
2
2
3
0
2
3
2
1
0
1
1
2
1
0
0
1
1
0
2
0
0
0
2
3
0
0
1
2
0
1
1
0
1
0
0
0
3
1
0
1
1
1
0
0
0
1
0
1
0
1
0
0
0
1
1
0
0
0
0
0
0
0
1
0
1
0
0
1
0
0
0
0
2
0
0
0
0
0
0
0
0
1
0
0
0
0
0
0
0
0
0
0
0
0
0
0
0
0
0
0
0
0
1
0
0
0
0
0
0
0
0
0
0
0
0
0
0
0
0
0
0
0
0
0
0
0
0
0
0
0
1
0
0
0
0
0
0
0
0
0
0
0
0
0
0
0
0
0
0
0
0
0
0
0
0
0
0
0
0
0
0
1
0
0
0
0
0
0
0
0
0
0
0
0
0
0
0
0
1
0
0
0
0
0
0
0
0
0
0
0
0
0
0
0
0
0
0
0
0
0
0
0
0
0
0
0
0
0
0
0
0
0
0
0
0
0
0
0
0
0
0
0
0
0
0
0
0
0
0
0
0
0
0
0
0
0
0
0
0
0
0
0
0
0
0
0
0
0
0
0
0
0
0
0
0
0
0
0
0
0
0
0
0
0
0
0
0
0
0
0
0
0
0
0
0
0
0
0
0
0
0
0
0
0
0
0
0
0
0
0
0
0
0
0
0
0
0
0
0
0
0
0
0
0
0
0
0
0
0
0
0
0
0
0
0
0
0
0
0
0
0
0
0
0
0
0
0
0
0
0
0
0
0
0
0
0
0
0
0
0
0
0
0
0
0
0
0
0
0
0
0
0
0
0
0
0
0
0
0
0
0
0
0
0
0
0
0
0
0
0
0
0
0
0
0
0
0
0
0
0
0
0
0
0
0
0
0
0
0
0
0
0
0
0
0
0
0
0
0
0
0
0
0
0
0
0
0
0
0
0
0
0
0
0
0
0
0
0
0
0
0
0
0
0
0
0
0
0
0
0
0
0
0
0
0
0
0
0
0
0
0
0
0
0
0
0
0
0
0
0
0
0
0
0
0
0
0
0
0
0
0
0
0
0
0
0
0
0
0
0
0
0
0
0
0
0
0
0
0
0
0
0
0
0
0
0
0
0
0
0
0
0
0
0
0
0
0
0
0
0
0
0
0
0
0
0
0
0
0
0
0
0
0
0
0
0
0
0
0
0
0
0
0
0
0
0
0
0
0
0
0
0
0
0
0
0
0
0
0
0
0
0
0
0
0
0
0
0
0
0
0
0
0
0
0
0
0
0
0
0
0
0
0
0
0
0
0
0
0
0
0
0
0
0
0
0
0
0
0
0
0
0
0
0
0
0
0
0
0
0
0
0
0
0
0
0
0
0
0
0
0
0
1
0
0
0
0
0
0
0
0
0
0
0
0
0
0
0
0
0
0
0
0
0
0
0
0
0
0
0
0
0
0
0
0
0
0
0
0
0
0
0
0
0
0
0
0
0
0
0
0
0
0
0
0
0
0
0
0
0
0
0
0
0
0
0
0
0
0
0
0
0
0
0
0
0
0