$SPEC_ID:
No sample description was entered.
$SPEC_REM:
DET# 3
DETDESC# JLAB-18 MCB 131
AP# Maestro Version 7.01
$DATE_MEA:
11/19/2018 14:34:09
$MEAS_TIM:
599 600
$DATA:
0 2047
       0
       0
       0
       0
       0
       0
       0
       0
       0
       0
       0
       0
       0
       0
       0
       0
       0
       0
       0
       0
       0
       0
       0
       0
       0
       0
       0
       0
       0
       0
       0
       0
       0
       0
       0
       0
       0
       0
       0
       0
       0
       0
       0
       0
       0
       0
       0
       0
       0
       0
       0
       0
       0
       0
       0
       0
       0
       0
       0
       0
       0
       0
       0
       0
       0
       0
       0
       0
       0
       0
       0
       0
       0
       0
       0
       0
       0
       0
       0
       0
       0
       0
       0
       0
       0
       0
       0
       0
       0
       0
       0
       0
       0
       0
       0
       0
       0
       0
       0
       0
       1
       0
       1
       1
       0
       0
       0
       1
       0
       2
       1
       0
       0
       1
       0
       0
       1
       2
       0
       1
       0
       1
       0
       0
       0
       0
       0
       0
       0
       0
       0
       0
       1
       0
       0
       0
       0
       0
       1
       1
       1
       0
       0
       0
       0
       1
       0
       1
       1
       0
       0
       0
       0
       0
       0
       0
       0
       1
       1
       0
       0
       0
       0
       1
       1
       0
       0
       1
       1
       1
       0
       0
       0
       1
       0
       1
       0
       1
       0
       0
       0
       0
       1
       0
       0
       0
       0
       0
       0
       0
       0
       1
       1
       0
       0
       1
       0
       0
       0
       0
       1
       2
       0
       1
       0
       0
       1
       0
       0
       1
       0
       1
       0
       0
       0
       1
       1
       1
       1
       0
       0
       0
       0
       1
       0
       0
       1
       0
       0
       0
       2
       0
       0
       0
       0
       0
       1
       0
       1
       0
       0
       0
       1
       1
       0
       0
       1
       0
       0
       0
       0
       1
       1
       0
       0
       1
       0
       0
       2
       1
       1
       0
       0
       0
       1
       1
       0
       1
       0
       0
       0
       1
       0
       0
       0
       0
       0
       1
       0
       0
       0
       0
       0
       0
       1
       2
       1
       0
       1
       0
       0
       1
       0
       0
       1
       1
       0
       0
       0
       0
       1
       0
       0
       0
       0
       1
       0
       0
       0
       1
       0
       0
       1
       0
       0
       3
       0
       0
       0
       0
       0
       0
       0
       1
       0
       0
       0
       0
       0
       0
       1
       0
       0
       0
       0
       1
       0
       0
       0
       2
       0
       0
       2
       0
       0
       2
       0
       1
       0
       0
       0
       1
       0
       0
       0
       0
       0
       0
       0
       0
       1
       0
       0
       1
       0
       0
       0
       0
       0
       0
       0
       0
       1
       2
       1
       1
       0
       1
       0
       0
       1
       1
       0
       1
       0
       0
       1
       1
       0
       1
       0
       0
       0
       0
       1
       1
       0
       1
       1
       0
       0
       0
       0
       0
       1
       0
       0
       0
       1
       1
       0
       0
       0
       0
       2
       0
       0
       0
       1
       1
       0
       1
       0
       0
       0
       0
       0
       0
       0
       0
       0
       0
       0
       0
       1
       0
       0
       1
       0
       0
       1
       0
       1
       0
       0
       1
       0
       1
       0
       1
       1
       0
       0
       0
       0
       0
       1
       1
       0
       1
       1
       0
       0
       0
       3
       1
       1
       1
       0
       0
       2
       1
       1
       0
       0
       0
       0
       2
       0
       0
       0
       0
       0
       1
       0
       1
       0
       1
       0
       0
       0
       1
       0
       1
       1
       1
       0
       0
       0
       2
       1
       0
       0
       0
       0
       2
       1
       0
       0
       0
       0
       0
       1
       0
       1
       2
       1
       0
       1
       0
       1
       1
       1
       1
       0
       0
       2
       0
       1
       0
       0
       0
       1
       0
       0
       1
       0
       0
       1
       1
       2
       2
       0
       0
       1
       1
       3
       1
       0
       0
       1
       0
       0
       0
       1
       1
       1
       0
       1
       0
       0
       1
       0
       0
       2
       1
       0
       0
       0
       0
       1
       2
       1
       1
       3
       0
       1
       1
       0
       1
       1
       0
       0
       0
       0
       1
       1
       0
       0
       0
       0
       0
       0
       0
       1
       0
       2
       0
       0
       1
       4
       1
       1
       1
       1
       4
       1
       2
       1
       0
       2
       2
       2
       1
       0
       0
       1
       2
       0
       2
       0
       0
       2
       0
       2
       2
       3
       0
       0
       1
       4
       0
       1
       2
       0
       0
       4
       3
       0
       1
       0
       1
       0
       0
       0
       2
       2
       0
       0
       0
       2
       0
       2
       0
       1
       1
       0
       4
       0
       0
       0
       1
       2
       0
       1
       2
       5
       2
       1
       0
       0
       0
       2
       1
       3
       1
       1
       0
       1
       1
       0
       0
       1
       0
       1
       1
       0
       0
       1
       2
       0
       2
       2
       2
       1
       1
       1
       0
       3
       1
       0
       1
       2
       1
       0
       1
       1
       2
       0
       1
       1
       3
       1
       2
       2
       1
       1
       0
       2
       0
       2
       0
       2
       2
       1
       2
       0
       2
       2
       1
       2
       1
       0
       2
       0
       2
       2
       4
       2
       1
       1
       2
       0
       1
       1
       3
       1
       1
       0
       3
       0
       2
       0
       1
       2
       4
       2
       2
       2
       1
       5
       1
       2
       2
       0
       2
       0
       1
       2
       1
       2
       0
       4
       1
       1
       1
       1
       2
       2
       3
       2
       1
       2
       0
       2
       5
       0
       4
       1
       1
       0
       6
       0
       3
       2
       1
       3
       2
       1
       1
       1
       0
       1
       2
       2
       1
       2
       2
       2
       3
       4
       2
       4
       3
       5
       2
       0
       2
       1
       2
       1
       6
       1
       1
       1
       3
       3
       3
       2
       1
       5
       2
       1
       4
       2
       2
       3
       6
       2
       1
       1
       1
       3
       1
       4
       3
       3
       0
       1
       6
       4
       4
       2
       5
       3
       4
       2
       1
       7
       5
       4
       1
       4
       5
       1
       3
       4
       1
       3
       7
       5
       4
       7
       3
       5
       2
       2
       2
       4
       7
       5
       6
       3
       1
       4
       4
       4
       3
       3
       3
       1
       3
       5
       5
       2
       3
       5
       3
       3
       3
       1
       2
       3
       5
       4
       5
       4
       4
       5
       3
       6
       3
       3
       4
       8
       4
       5
       6
       2
       7
       6
       4
       6
       2
       5
       6
       6
       4
       8
       8
       7
       8
       7
       6
       4
      14
       5
       1
       5
       5
       4
       5
       6
       5
       6
       4
       7
       9
      11
       3
       8
       5
      11
       6
       8
       8
      11
       9
       6
       6
       6
       8
       9
       9
      11
       8
       5
      10
       7
      10
       9
      10
       8
       8
       5
       8
      10
       9
       9
       8
       9
      10
      11
      10
      10
       8
      12
      10
      13
       7
       8
       6
       9
      12
       9
       8
      14
      12
      13
       7
      19
       6
      12
      15
      13
      12
      17
       8
       9
      15
      13
      11
       9
      12
       9
       9
      14
      24
      13
      15
      17
      14
      14
      22
      17
      17
      15
      14
      21
      14
      14
      19
      16
      16
      18
      15
      18
      20
      20
      20
      15
      11
      17
      29
      17
      18
      24
      13
      21
      22
      14
      17
      15
      24
      25
      16
      18
      24
      26
      28
      22
      25
      23
      23
      26
      23
      25
      22
      18
      28
      25
      22
      17
      19
      18
      17
      22
      29
      28
      29
      28
      28
      22
      30
      29
      29
      27
      22
      22
      37
      18
      24
      25
      30
      33
      24
      27
      26
      22
      37
      22
      24
      27
      27
      27
      22
      33
      32
      29
      31
      32
      33
      22
      25
      27
      22
      29
      39
      29
      32
      28
      20
      33
      44
      22
      27
      35
      36
      26
      40
      39
      34
      34
      30
      33
      25
      38
      30
      33
      23
      49
      30
      35
      44
      35
      32
      37
      28
      23
      34
      27
      42
      28
      24
      39
      37
      43
      46
      36
      45
      42
      38
      41
      36
      25
      30
      48
      42
      37
      38
      30
      32
      33
      43
      38
      33
      36
      39
      36
      35
      36
      46
      30
      38
      36
      40
      39
      31
      36
      34
      34
      36
      30
      28
      30
      30
      30
      34
      40
      39
      30
      37
      27
      40
      34
      28
      41
      33
      35
      30
      21
      23
      20
      22
      29
      32
      21
      27
      33
      23
      26
      23
      29
      27
      28
      29
      24
      23
      22
      15
      26
      29
      26
      21
      23
      23
      22
      20
      25
      26
      31
      27
      24
      29
      18
      23
      14
      28
      16
      26
      10
      14
      20
      24
      18
      21
      20
      24
      15
      21
      11
      17
      13
      17
      18
      16
      12
      16
      13
      20
      16
      16
      10
      16
      15
      18
      16
      14
      17
      11
      19
      19
      15
      19
      15
      14
       7
      18
       7
       8
      11
       8
      10
      13
       6
       7
       6
       4
      13
      10
      10
       7
       5
      10
       9
       4
      11
       4
       7
       2
       7
       8
       7
       2
       6
       7
       3
       5
       4
       5
       5
       6
      11
       5
       7
       6
       5
       3
       3
       7
       5
       3
       3
       3
       3
       4
       0
       2
       5
       3
       2
       1
       5
       5
       3
       1
       2
       4
       6
       3
       2
       4
       0
       4
       2
       0
       0
       1
       3
       1
       2
       3
       2
       2
       3
       1
       2
       0
       5
       3
       1
       1
       0
       1
       0
       1
       1
       0
       2
       0
       0
       1
       1
       1
       1
       2
       1
       0
       3
       1
       0
       3
       1
       0
       0
       2
       0
       0
       1
       1
       0
       0
       0
       0
       0
       0
       0
       0
       0
       1
       0
       0
       1
       0
       1
       0
       0
       0
       0
       0
       0
       1
       0
       0
       0
       0
       0
       0
       0
       0
       0
       0
       0
       0
       0
       1
       0
       0
       0
       0
       1
       0
       0
       0
       0
       0
       0
       0
       0
       0
       0
       0
       0
       0
       0
       0
       0
       0
       0
       0
       0
       0
       0
       0
       0
       0
       0
       0
       0
       0
       0
       0
       0
       0
       0
       0
       0
       0
       0
       0
       0
       0
       0
       0
       0
       0
       0
       0
       0
       0
       0
       0
       0
       0
       0
       0
       0
       0
       0
       0
       0
       0
       1
       0
       0
       0
       0
       0
       0
       0
       0
       0
       0
       0
       0
       0
       0
       0
       0
       0
       0
       0
       0
       0
       0
       0
       0
       0
       0
       0
       0
       0
       0
       0
       0
       0
       0
       0
       0
       0
       0
       0
       0
       0
       0
       0
       0
       0
       0
       0
       1
       0
       0
       0
       0
       0
       0
       0
       0
       0
       0
       0
       0
       0
       0
       0
       0
       0
       0
       0
       0
       0
       0
       0
       0
       1
       0
       0
       0
       0
       0
       0
       0
       0
       0
       0
       0
       0
       0
       0
       0
       0
       0
       0
       0
       0
       0
       0
       0
       0
       0
       0
       0
       0
       0
       0
       0
       0
       0
       0
       0
       0
       0
       0
       0
       0
       0
       0
       0
       0
       0
       0
       0
       0
       0
       0
       0
       0
       0
       0
       0
       0
       0
       0
       0
       0
       0
       0
       0
       0
       0
       0
       0
       0
       0
       0
       0
       0
       0
       0
       0
       0
       0
       0
       0
       0
       0
       0
       0
       0
       0
       0
       0
       0
       0
       0
       0
       0
       0
       0
       0
       0
       0
       0
       0
       0
       0
       0
       0
       0
       0
       0
       0
       0
       0
       0
       0
       0
       0
       0
       0
       0
       0
       0
       0
       0
       0
       0
       0
       0
       0
       0
       0
       0
       0
       0
       0
       0
       0
       0
       0
       0
       0
       0
       0
       0
       0
       0
       0
       0
       0
       0
       0
       0
       0
       0
       0
       0
       0
       0
       0
       0
       0
       0
       0
       0
       0
       0
       0
       0
       0
       0
       0
       0
       0
       0
       0
       0
       0
       0
       0
       0
       0
       0
       0
       0
       0
       0
       0
       0
       0
       0
       0
       0
       0
       0
       0
       0
       0
       0
       0
       0
       0
       0
       0
       0
       0
       0
       0
       0
       0
       0
       0
       0
       0
       0
       0
       0
       0
       0
       0
       0
       0
       0
       0
       0
       0
       0
       0
       0
       0
       0
       0
       0
       0
       0
       0
       0
       0
       0
       0
       0
       0
       0
       0
       0
       0
       0
       0
       0
       0
       0
       0
       0
       0
       0
       0
       0
       0
       0
       0
       0
       0
       0
       0
       0
       0
       0
       0
       0
       0
       0
       0
       0
       0
       0
       0
       0
       0
       0
       0
       0
       0
       0
       0
       0
       0
       0
       0
       0
       0
       0
       0
       0
       0
       0
       0
       0
       0
       0
       0
       0
       0
       0
       0
       0
       0
       0
       0
       0
       0
       0
       0
       0
       0
       0
       0
       0
       0
       0
       0
       0
       0
       0
       0
       0
       0
       0
       0
       0
       0
       0
       0
       0
       0
       0
       0
       0
       0
       0
       0
       0
       0
       0
       0
       0
       0
       0
       0
       0
       0
       0
       0
       0
       0
       0
       0
       0
       0
       0
       0
       0
       0
       0
       0
       0
       0
       0
       0
       0
       0
       0
       0
       0
       0
       0
       0
       0
       0
       0
       0
       0
       0
       0
       0
       0
       0
       0
       0
       0
       0
       0
       0
       0
       0
       0
       0
       0
       0
       0
       0
       0
       0
       0
       0
       0
       0
       0
       0
       0
       0
       0
       0
       0
       0
       0
       0
       0
       0
       0
       0
       0
       0
       0
       0
       0
       0
       0
       0
       0
       0
       0
       0
       0
       0
       0
       0
       0
       0
       0
       0
       0
       0
       0
       0
       0
       0
       0
       0
       0
       0
       0
       0
       0
       0
       0
       0
       0
       0
       0
       0
       0
       0
       0
       0
       0
       0
       0
       0
       0
       0
       0
       0
       0
       0
       0
       0
       0
$ROI:
1
569 687
$PRESETS:
Real Time
600
0
$ENER_FIT:
-32.615425 1.335664
$MCA_CAL:
3
-3.261543E+001 1.335664E+000 0.000000E+000 keV
$SHAPE_CAL:
3
0.000000E+000 0.000000E+000 0.000000E+000
