$SPEC_ID:
No sample description was entered.
$SPEC_REM:
DET# 3
DETDESC# JLAB-18 MCB 131
AP# Maestro Version 7.01
$DATE_MEA:
11/26/2018 14:56:54
$MEAS_TIM:
119 120
$DATA:
0 2047
       0
       0
       0
       0
       0
       0
       0
       0
       0
       0
       0
       0
       0
       0
       0
       0
       0
       0
       0
       0
       0
       0
       0
       0
       0
       0
       0
       0
       0
       0
       0
       0
       0
       0
       0
       0
       0
       0
       0
       0
       0
       0
       0
       0
       0
       0
       0
       0
       0
       0
       0
       0
       0
       0
       0
       0
       0
       0
       0
       0
       0
       0
       0
       0
       0
       0
       0
       0
       0
       0
       0
       0
       0
       0
       0
       0
       0
       0
       0
       0
       0
       0
       0
       0
       0
       0
       0
       0
       0
       0
       0
       0
       0
       0
       0
       0
       0
       0
       0
       0
       1
       2
       3
       2
       5
       0
       1
       0
       4
       6
       1
       1
       1
       2
       0
       2
       3
       1
       1
       1
       2
       1
       3
       1
       0
       1
       3
       2
       2
       1
       2
       3
       3
       5
       1
       6
       1
       4
       0
       4
       1
       1
       3
       6
       2
       1
       4
       2
       3
       4
       6
       2
       2
       0
       5
       2
       4
       6
       5
       6
       5
       3
       8
       6
       6
       6
       7
       5
       1
       2
       5
       3
       4
       2
       3
       2
       3
       2
       3
       2
       1
       4
       4
       4
       2
       3
       0
       6
       2
       3
       3
       6
       7
       1
       2
       5
       5
       4
       5
       6
       2
       1
       1
       7
       5
       4
       1
       7
       9
       7
       5
       6
       2
       5
       4
       4
       3
       4
       4
       6
       7
       6
       6
       5
       6
       6
       6
       6
       7
       6
       8
       5
       5
       7
       5
       5
       6
       4
      11
      10
       8
       4
       5
       3
      11
       5
      11
      13
       7
       7
       6
       4
       5
       5
      14
       9
       7
       6
       7
      13
       8
       6
      11
       7
       7
      10
      15
       5
       8
      13
       8
      12
       7
       7
      15
       6
       3
       7
       6
      12
      13
      10
      11
       6
      10
      10
      15
       7
      13
       9
      11
      10
       5
      11
      12
       6
       4
       7
      17
      11
       9
      10
       9
       6
      12
      10
      13
      11
       9
      13
      13
      12
      16
      11
      15
      16
       7
      10
      18
      13
      12
      16
       8
      18
      11
       9
       9
       5
      10
       9
      17
      11
      18
      14
      13
      21
      13
      12
      20
      14
      20
      18
      15
      17
      15
      13
      13
      14
      11
      16
      14
      15
      21
      10
      12
      17
      15
      22
      22
      19
      15
      15
      13
      15
      16
      14
      28
      16
      21
      20
      15
      28
      17
      20
      27
      18
      17
      10
      23
      17
      13
      18
      20
      21
      22
      20
      23
      23
      15
      21
      22
      18
      18
      13
      22
      18
      26
      20
      19
      13
      22
      15
      23
      15
      13
      21
      17
      24
      23
      21
      19
      17
      23
      20
      26
      24
      16
      19
      14
      18
      17
      19
      21
      11
      20
      15
      17
      28
      23
      22
      18
      17
      27
      19
      23
      15
      23
      20
      16
      17
      10
      13
      13
      11
      17
      24
      19
      12
      19
      18
      18
      22
      17
      17
      18
      19
      16
      16
      21
      13
      16
      20
      23
      21
      12
      14
      20
      24
      16
      14
      15
      16
      29
      18
      16
      18
      25
      18
      15
      20
      14
      23
      20
      15
      15
      16
      20
      22
      22
      20
      15
      19
      18
       9
      13
      18
      12
      12
      14
      16
      17
      14
      18
      17
      24
      16
      13
      13
      12
      10
      13
      16
      15
      11
      13
      17
      14
      18
      22
      18
      21
       9
      12
      15
      12
      11
      12
      10
      12
      16
      13
      12
       8
      11
      14
      17
      12
      15
      15
       9
      16
      11
      13
      15
       9
       9
      16
      11
      13
       8
      10
      15
       8
      11
      11
       6
      15
      13
      10
      12
       6
       9
      10
       6
      10
       7
      10
       8
       9
      10
      10
       9
      15
      12
       8
       7
       9
       7
       4
      12
       9
      10
       9
       7
      11
       6
      16
       7
      11
       9
       6
       4
      10
       5
       9
       9
       9
       5
       8
       4
       7
       4
       5
       5
      12
      10
       8
       4
       4
       7
       7
       8
       2
       4
       7
       3
       6
       5
       6
       7
       6
       7
       6
       4
       9
       5
       3
       1
       9
       4
       4
       2
       6
       7
       2
       3
       6
       2
       5
       4
       3
       1
       4
       1
       2
       4
       2
       2
       3
       2
       2
       0
       3
       0
       1
       2
       2
       5
       1
       0
       2
       3
       3
       2
       1
       1
       0
       1
       0
       1
       3
       1
       2
       2
       1
       0
       0
       1
       1
       2
       0
       4
       2
       3
       0
       2
       1
       0
       2
       0
       0
       2
       1
       2
       1
       1
       0
       0
       0
       2
       1
       1
       0
       1
       0
       4
       1
       1
       1
       0
       0
       0
       1
       1
       0
       2
       1
       0
       0
       1
       0
       1
       2
       0
       0
       0
       0
       0
       3
       0
       0
       0
       0
       0
       1
       0
       0
       1
       0
       0
       0
       1
       1
       0
       0
       0
       0
       0
       0
       0
       0
       0
       0
       0
       0
       0
       1
       0
       1
       0
       1
       0
       0
       0
       0
       0
       0
       0
       0
       0
       1
       1
       0
       0
       1
       0
       0
       0
       0
       0
       0
       0
       0
       0
       1
       0
       0
       0
       0
       0
       1
       0
       0
       0
       0
       0
       0
       0
       0
       0
       0
       1
       0
       0
       0
       0
       0
       0
       0
       0
       0
       0
       0
       0
       0
       0
       0
       0
       0
       0
       0
       1
       0
       0
       1
       0
       0
       0
       0
       0
       0
       1
       0
       0
       0
       0
       0
       0
       0
       0
       0
       0
       0
       0
       0
       0
       0
       0
       0
       0
       0
       0
       0
       0
       0
       0
       0
       0
       0
       0
       0
       0
       0
       0
       0
       0
       0
       0
       0
       0
       0
       0
       0
       0
       0
       0
       1
       0
       0
       0
       0
       0
       0
       0
       0
       0
       0
       0
       0
       0
       0
       0
       0
       0
       0
       0
       0
       0
       0
       1
       0
       0
       0
       0
       0
       0
       0
       0
       0
       0
       0
       0
       0
       0
       1
       0
       0
       0
       0
       0
       0
       0
       0
       0
       0
       0
       0
       0
       0
       0
       0
       0
       1
       0
       0
       0
       0
       0
       0
       0
       0
       0
       0
       0
       0
       0
       0
       0
       0
       0
       0
       0
       0
       0
       0
       0
       0
       0
       0
       0
       0
       0
       0
       0
       0
       0
       0
       0
       0
       0
       0
       0
       0
       0
       0
       0
       0
       0
       0
       0
       0
       0
       0
       0
       0
       0
       0
       0
       0
       0
       0
       0
       0
       0
       0
       0
       0
       0
       0
       0
       0
       0
       0
       0
       0
       0
       0
       0
       0
       0
       0
       0
       0
       0
       0
       0
       0
       0
       0
       0
       0
       0
       0
       0
       0
       0
       0
       0
       0
       0
       0
       0
       0
       0
       0
       0
       0
       0
       0
       0
       0
       0
       0
       0
       0
       0
       0
       0
       0
       0
       0
       0
       0
       0
       0
       0
       0
       0
       0
       0
       0
       0
       0
       0
       0
       0
       0
       0
       0
       0
       0
       0
       0
       0
       0
       0
       0
       0
       0
       0
       0
       0
       0
       0
       0
       0
       0
       0
       0
       0
       0
       0
       0
       0
       0
       0
       0
       0
       0
       0
       0
       0
       0
       0
       0
       0
       0
       0
       0
       0
       0
       0
       0
       0
       0
       0
       0
       0
       0
       0
       0
       0
       0
       0
       0
       0
       0
       0
       0
       0
       0
       0
       0
       0
       0
       0
       0
       0
       0
       0
       0
       0
       0
       0
       0
       0
       0
       0
       0
       0
       0
       0
       0
       0
       0
       0
       0
       0
       0
       0
       0
       0
       0
       0
       0
       0
       0
       0
       0
       0
       0
       0
       0
       0
       0
       0
       0
       0
       0
       0
       0
       0
       0
       0
       0
       0
       0
       0
       0
       0
       0
       0
       0
       0
       0
       0
       0
       0
       0
       0
       0
       0
       0
       0
       0
       0
       0
       0
       0
       0
       0
       0
       0
       0
       0
       0
       0
       0
       0
       0
       0
       0
       0
       0
       0
       0
       0
       0
       0
       0
       0
       0
       0
       0
       0
       0
       0
       0
       0
       0
       0
       0
       0
       0
       0
       0
       0
       0
       0
       0
       0
       0
       0
       0
       0
       0
       0
       0
       0
       0
       0
       0
       0
       0
       0
       0
       0
       0
       0
       0
       0
       0
       0
       0
       0
       0
       0
       0
       0
       0
       0
       0
       0
       0
       0
       0
       0
       0
       0
       0
       0
       0
       0
       0
       0
       0
       0
       0
       0
       0
       0
       0
       0
       0
       0
       0
       0
       0
       0
       0
       0
       0
       0
       0
       0
       0
       0
       0
       0
       0
       0
       0
       0
       0
       0
       0
       0
       0
       0
       0
       0
       0
       0
       0
       0
       0
       0
       0
       0
       0
       0
       0
       0
       0
       0
       0
       0
       0
       0
       0
       0
       0
       0
       0
       0
       0
       0
       0
       0
       0
       0
       0
       0
       0
       0
       0
       0
       0
       0
       0
       0
       0
       0
       0
       0
       0
       0
       0
       0
       0
       0
       0
       0
       0
       0
       0
       0
       0
       0
       0
       0
       0
       0
       0
       0
       0
       0
       0
       0
       0
       0
       0
       0
       0
       0
       0
       0
       0
       0
       0
       0
       0
       0
       0
       0
       0
       0
       0
       0
       0
       0
       0
       0
       0
       0
       0
       0
       0
       0
       0
       0
       0
       0
       0
       0
       0
       0
       0
       0
       0
       0
       0
       0
       0
       0
       0
       0
       0
       0
       0
       0
       0
       0
       0
       0
       0
       0
       0
       0
       0
       0
       0
       0
       0
       0
       0
       0
       0
       0
       0
       0
       0
       0
       0
       0
       0
       0
       0
       0
       0
       0
       0
       0
       0
       0
       0
       0
       0
       0
       0
       0
       0
       0
       0
       0
       0
       0
       0
       0
       0
       0
       0
       0
       0
       0
       0
       0
       0
       0
       0
       0
       0
       0
       0
       0
       0
       0
       0
       0
       0
       0
       0
       0
       0
       0
       0
       0
       0
       0
       0
       0
       0
       0
       0
       0
       0
       0
       0
       0
       0
       0
       0
       0
       0
       0
       0
       0
       0
       0
       0
       0
       0
       0
       0
       0
       0
       0
       0
       0
       0
       0
       0
       0
       0
       0
       0
       0
       0
       0
       0
       0
       0
       0
       0
       0
       0
       0
       0
       0
       0
       0
       0
       0
       0
       0
       0
       0
       0
       0
       0
       0
       0
       0
       0
       0
       0
       0
       0
       0
       0
       0
       0
       0
       0
       0
       0
       0
       0
       0
       0
       0
       0
       0
       0
       0
       0
       0
       0
       0
       0
       0
       0
       0
       0
       0
       0
       0
       0
       0
       0
       0
       0
       0
       0
       0
       0
       0
       0
       0
       0
       0
       0
       0
       0
       0
       0
       0
       0
       0
       0
       0
       0
       0
       0
       0
       0
       0
       0
       0
       0
       0
       0
       0
       0
       0
       0
       0
       0
       0
       0
       0
       0
       0
       0
       0
       0
       0
       0
       0
       0
       0
       0
       0
       0
       0
       0
       0
       0
       0
       0
       0
       0
       0
       0
       0
       0
       0
       0
       0
       0
       0
       0
       0
       0
       0
       0
       0
       0
       0
       0
       0
       0
       0
       0
       0
       0
       0
       0
       0
       0
       0
       0
       0
       0
       0
       0
       0
       0
       0
       0
       0
       0
       0
       0
       0
       0
       0
       0
       0
       0
       0
       0
       0
       0
       0
       0
       0
       0
       0
       0
       0
       0
       0
       0
       0
       0
       0
       0
       0
       0
       0
       0
       0
       0
       0
       0
       0
       0
       0
       0
       0
       0
       0
       0
       0
       0
       0
       0
       0
       0
       0
       0
       0
       0
       0
       0
       0
       0
       0
       0
       0
       0
       0
       0
       0
       0
       0
       0
       0
       0
       0
       0
       0
       0
       0
       0
       0
       0
       0
       0
       0
       0
       0
       0
       0
       0
       0
       0
       0
       0
       0
       0
       0
       0
       0
       0
       0
       0
       0
       0
       0
       0
       0
       0
       0
       0
       0
       0
       0
       0
       0
       0
       0
       0
       0
       0
       0
       0
       0
       0
       0
       0
       0
       0
       0
       0
       0
       0
       0
       0
       0
       0
       0
       0
       0
       0
       0
       0
       0
       0
       0
       0
       0
       0
       0
       0
       0
       0
       0
       0
       0
       0
       0
       0
       0
       0
       0
       0
       0
       0
       0
       0
       0
       0
       0
       0
       0
       0
       0
       0
       0
       0
       0
       0
       0
       0
       0
       0
       0
       0
       0
       0
       0
       0
       0
       0
       0
       0
       0
       0
       0
       0
       0
       0
       0
       0
       0
       0
       0
       0
       0
       0
       0
       0
       0
       0
       0
       0
       0
       0
       0
       0
       0
       0
       0
       0
       0
       0
       0
       0
       0
       0
       0
       0
       0
       0
       0
       0
       0
       0
       0
       0
       0
       0
       0
       0
       0
       0
       0
       0
       0
       0
       0
       0
       0
       0
       0
       0
       0
       0
       0
       0
       0
       0
       0
       0
       0
       0
       0
       0
       0
       0
       0
       0
       0
       0
       0
       0
       0
       0
       0
       0
       0
       0
       0
       0
       0
       0
       0
       0
       0
       0
       0
       0
       0
       0
       0
       0
       0
       0
       0
       0
       0
       0
       0
       0
       0
       0
       0
       0
       0
       0
       0
       0
       0
       0
       0
       0
       0
       0
       0
       0
       0
       0
       0
       0
       0
       0
$ROI:
1
569 687
$PRESETS:
Real Time
120
0
$ENER_FIT:
-32.615425 1.335664
$MCA_CAL:
3
-3.261543E+001 1.335664E+000 0.000000E+000 keV
$SHAPE_CAL:
3
0.000000E+000 0.000000E+000 0.000000E+000
