0
0
0
0
0
0
0
0
0
0
0
0
0
0
0
0
0
0
0
0
0
0
0
0
0
0
0
0
0
0
0
0
0
0
0
0
0
0
0
0
0
0
0
0
0
0
0
0
0
0
0
0
0
0
0
0
0
0
0
0
0
0
0
0
0
0
0
0
0
0
0
0
0
0
0
0
0
0
0
0
0
0
0
0
0
0
0
0
0
0
0
0
0
0
0
0
0
0
1
1
7
5
6
7
5
4
7
7
4
6
7
7
9
11
5
7
10
8
6
4
2
8
8
3
5
12
3
6
4
5
5
8
14
7
6
5
6
6
4
7
7
6
9
3
2
8
4
2
3
11
6
5
14
5
5
10
8
7
13
5
6
7
4
5
7
1
5
6
4
6
8
9
4
5
7
6
7
6
5
6
9
3
2
7
6
2
6
7
8
5
2
3
3
1
9
6
3
5
3
7
5
4
8
2
2
6
4
6
5
5
0
2
2
4
6
6
8
7
3
1
5
5
7
3
1
3
3
3
4
8
7
6
0
1
4
5
5
3
1
4
2
5
1
5
1
3
2
4
6
3
1
6
5
4
1
1
4
4
3
2
1
4
5
1
0
3
1
2
5
1
5
4
5
5
4
6
5
4
4
2
5
2
1
3
3
5
3
3
3
5
4
2
2
5
2
2
1
2
5
1
3
5
2
1
4
2
0
1
2
1
4
2
7
7
2
3
4
4
3
6
3
3
0
2
4
2
2
3
2
2
5
6
4
5
1
1
7
1
5
7
2
3
4
5
2
2
3
2
2
7
2
7
4
2
6
8
4
2
4
3
4
3
5
4
4
4
1
3
1
5
3
2
5
5
1
2
2
4
2
4
2
2
4
2
1
3
4
2
1
3
3
3
0
1
2
2
2
1
2
2
1
1
1
2
3
3
0
1
4
0
2
3
2
0
3
3
4
2
3
2
3
0
4
3
3
6
2
3
0
1
5
5
1
1
3
1
4
5
1
3
1
4
1
2
7
4
0
2
3
1
4
3
0
1
2
1
1
2
2
1
4
1
2
3
3
1
3
2
2
2
1
3
5
1
1
2
1
0
3
5
1
0
4
3
3
4
1
0
2
0
1
6
0
6
1
1
1
3
2
4
2
4
3
1
4
2
0
1
1
0
4
2
4
7
0
2
4
0
4
4
5
3
4
4
2
6
3
4
3
2
0
5
3
1
0
2
3
3
1
0
2
2
3
4
1
4
4
2
1
1
3
3
3
4
4
4
2
4
2
4
4
6
4
4
1
3
3
4
3
5
3
2
3
6
4
2
4
4
0
4
3
0
3
1
3
4
2
2
6
0
3
3
0
2
4
1
1
4
5
2
1
4
2
4
6
2
1
2
3
2
3
3
5
1
4
1
3
3
3
4
0
3
3
3
4
4
4
2
2
1
5
1
2
2
1
2
3
3
3
2
1
3
1
0
3
1
2
3
3
2
0
3
3
4
6
3
2
1
1
1
2
3
0
3
2
1
2
5
4
3
2
2
4
2
1
2
4
3
3
0
3
5
3
4
4
4
2
2
2
2
6
1
2
4
4
3
1
1
2
1
3
2
3
2
3
3
1
6
2
1
1
5
3
4
1
2
6
2
5
2
2
1
4
2
2
4
3
3
1
1
1
3
3
4
4
4
2
5
2
3
2
7
4
5
0
3
3
2
3
3
3
1
5
2
2
0
2
2
5
5
10
4
4
2
4
1
10
5
3
4
4
1
5
1
5
5
5
3
2
5
2
5
8
3
5
5
3
3
5
6
6
2
4
3
3
3
3
2
4
2
5
5
1
2
4
2
6
2
3
4
1
5
5
4
5
2
4
4
1
5
2
4
2
4
3
4
3
4
3
3
1
4
5
5
3
7
3
1
7
5
2
2
6
6
2
7
4
3
3
2
3
6
2
2
2
5
1
5
3
4
3
1
2
4
6
7
3
6
3
2
2
2
6
4
4
6
4
5
3
7
4
3
6
5
4
4
5
4
2
4
6
5
4
4
3
3
8
4
4
2
4
2
3
5
3
5
3
1
4
7
5
5
3
3
0
3
3
4
5
6
6
1
2
6
2
7
1
3
7
2
3
5
5
4
6
7
8
5
3
4
9
6
2
3
1
3
7
5
5
3
4
6
1
4
5
4
4
6
5
2
3
1
3
8
2
2
5
6
6
4
1
2
5
3
4
6
3
5
5
5
4
6
6
2
6
5
4
2
7
4
3
4
5
2
2
0
5
3
3
7
3
2
2
4
4
7
10
1
7
3
9
6
3
4
2
4
8
7
3
5
7
6
6
6
2
3
3
5
6
6
9
8
3
10
4
9
7
8
5
4
4
4
5
6
9
6
7
3
10
7
5
7
7
5
7
7
5
7
4
8
3
10
9
7
8
3
5
5
3
4
5
3
7
7
4
12
3
5
7
6
4
11
3
11
5
8
8
9
3
11
2
5
2
7
6
6
8
10
6
6
9
6
9
7
14
4
7
5
3
4
4
7
13
11
7
11
10
7
5
6
9
14
5
11
8
10
12
9
8
9
10
7
8
10
9
4
6
6
5
9
5
11
5
9
11
5
16
13
7
5
15
7
12
12
9
14
14
9
13
12
10
5
16
6
10
8
5
15
10
8
9
8
9
13
14
8
9
15
13
11
9
10
12
16
12
7
9
19
16
12
18
10
14
14
18
16
14
14
14
11
16
16
19
13
16
20
12
12
24
21
20
12
19
15
14
16
15
15
17
10
19
16
17
22
16
16
14
15
23
14
25
22
13
15
26
20
19
19
14
27
19
27
30
26
21
14
22
26
22
27
25
28
30
22
31
30
14
30
29
27
40
20
28
28
35
26
37
31
40
37
38
34
37
37
28
40
33
42
35
42
39
49
37
36
39
44
53
43
33
45
46
49
58
51
45
52
47
43
42
53
61
61
60
51
51
64
57
67
79
73
66
56
72
66
81
74
73
80
77
81
72
86
88
98
82
82
112
99
80
85
100
94
107
108
122
103
136
109
126
108
139
111
128
146
145
144
154
152
169
160
158
155
178
171
157
161
188
181
192
226
199
186
201
230
213
195
217
222
216
266
259
229
230
259
274
269
283
271
293
314
286
288
345
318
323
343
353
329
363
380
373
372
371
397
423
398
421
396
407
442
455
434
443
507
455
477
499
490
510
527
484
531
528
518
532
621
594
584
575
612
589
623
644
588
634
603
663
623
675
645
680
662
684
715
705
721
743
708
722
735
727
732
739
693
739
721
751
762
764
797
799
759
780
802
796
803
781
776
810
798
821
777
806
890
818
801
796
898
806
815
781
834
861
787
857
813
821
776
776
818
780
787
771
774
772
762
799
704
769
799
747
728
713
722
746
725
719
697
687
676
689
690
669
634
671
707
641
649
602
578
586
589
538
521
559
517
517
521
499
528
465
483
502
488
438
437
414
419
398
370
404
377
378
393
354
372
341
330
316
311
309
305
306
279
244
253
225
249
238
228
207
198
212
207
209
208
198
153
156
174
156
166
140
140
137
115
96
107
109
106
108
88
86
90
86
66
62
73
70
65
63
58
63
56
52
51
35
49
39
37
35
36
33
35
28
28
30
31
24
26
26
27
24
18
22
18
18
15
18
15
13
14
12
11
18
7
6
10
5
12
5
7
6
8
6
5
5
4
6
4
5
3
5
3
2
1
1
0
3
0
3
1
2
5
5
3
2
2
2
3
0
2
1
0
0
1
1
1
0
0
0
0
1
0
0
1
1
2
2
1
3
0
1
0
0
1
0
0
0
0
0
0
1
0
0
1
0
0
0
0
0
0
0
0
0
0
0
0
0
0
0
0
0
0
0
1
0
0
0
1
1
1
0
0
0
0
0
0
0
0
0
0
0
0
1
0
0
0
0
0
0
0
0
0
0
0
0
0
0
1
0
0
0
0
0
0
0
0
0
0
0
0
0
0
0
0
0
0
0
0
0
1
0
0
0
0
0
0
0
0
0
0
0
0
0
0
0
0
0
0
0
0
0
0
0
0
0
0
0
0
0
0
0
0
1
0
0
0
0
0
0
1
0
0
0
0
0
0
0
0
0
0
1
0
0
0
0
0
0
0
0
0
0
0
0
0
0
0
0
0
0
0
0
0
0
0
0
0
0
0
0
0
0
0
0
0
0
0
0
0
0
1
0
0
0
0
0
0
0
0
0
0
0
0
0
0
0
0
0
0
0
0
0
0
0
0
0
0
0
0
0
0
0
0
0
0
0
0
0
0
0
0
0
0
0
0
0
0
0
0
0
0
0
0
0
0
0
0
0
0
0
0
0
0
0
0
0
0
0
0
0
0
0
0
1
0
0
0
0
0
0
0
0
0
0
0
0
0
0
0
0
0
0
0
0
0
0
0
0
0
0
0
0
0
0
0
0
0
0
0
0
0
0
0
0
0
0
0
0
0
0
0
0
0
0
0
0
0
0
0
0
0
0
0
0
0
0
0
0
0
0
0
0
0
0
0
0
0
0
0
0
0
0
0
0
0
0
0
0
0
0
0
0
0
0
0
0
0
0
0
0
0
0
0
0
0