$SPEC_ID:
No sample description was entered.
$SPEC_REM:
DET# 3
DETDESC# JLAB-18 MCB 131
AP# Maestro Version 7.01
$DATE_MEA:
11/19/2018 14:22:11
$MEAS_TIM:
119 120
$DATA:
0 2047
       0
       0
       0
       0
       0
       0
       0
       0
       0
       0
       0
       0
       0
       0
       0
       0
       0
       0
       0
       0
       0
       0
       0
       0
       0
       0
       0
       0
       0
       0
       0
       0
       0
       0
       0
       0
       0
       0
       0
       0
       0
       0
       0
       0
       0
       0
       0
       0
       0
       0
       0
       0
       0
       0
       0
       0
       0
       0
       0
       0
       0
       0
       0
       0
       0
       0
       0
       0
       0
       0
       0
       0
       0
       0
       0
       0
       0
       0
       0
       0
       0
       0
       0
       0
       0
       0
       0
       0
       0
       0
       0
       0
       0
       0
       0
       0
       0
       0
       0
       1
       1
       0
       0
       1
       0
       0
       1
       1
       0
       2
       2
       0
       0
       0
       0
       0
       0
       0
       0
       0
       2
       0
       3
       1
       3
       0
       1
       0
       0
       0
       1
       2
       1
       1
       1
       3
       1
       1
       0
       3
       0
       1
       0
       0
       1
       1
       2
       2
       0
       0
       0
       0
       0
       0
       1
       0
       0
       1
       1
       1
       0
       1
       1
       0
       1
       2
       0
       2
       0
       2
       0
       2
       0
       1
       0
       1
       1
       1
       1
       1
       1
       1
       0
       1
       1
       1
       1
       1
       3
       1
       0
       2
       0
       1
       0
       1
       0
       1
       1
       2
       0
       0
       2
       0
       2
       0
       1
       1
       0
       2
       1
       2
       0
       0
       1
       2
       1
       1
       2
       1
       2
       1
       0
       0
       0
       0
       1
       1
       0
       0
       1
       0
       1
       0
       0
       0
       0
       1
       0
       2
       0
       0
       1
       0
       2
       0
       1
       5
       0
       0
       0
       0
       0
       0
       1
       1
       0
       1
       1
       0
       0
       0
       2
       0
       0
       0
       1
       0
       2
       0
       0
       0
       0
       0
       0
       1
       0
       0
       0
       2
       1
       0
       0
       0
       0
       0
       0
       0
       0
       0
       0
       0
       0
       2
       2
       0
       0
       1
       0
       0
       1
       1
       0
       0
       0
       0
       0
       0
       0
       1
       0
       0
       0
       0
       2
       0
       0
       1
       0
       0
       0
       0
       1
       0
       1
       0
       0
       0
       0
       2
       0
       1
       0
       0
       1
       0
       0
       0
       0
       0
       0
       0
       1
       2
       0
       0
       0
       0
       1
       1
       0
       0
       2
       1
       0
       0
       0
       1
       1
       0
       0
       1
       0
       1
       0
       1
       0
       0
       0
       1
       0
       0
       1
       0
       1
       1
       0
       0
       0
       0
       0
       2
       0
       0
       1
       0
       1
       0
       0
       0
       1
       0
       0
       0
       0
       0
       0
       1
       0
       0
       0
       0
       0
       1
       1
       0
       0
       1
       1
       1
       0
       0
       0
       0
       0
       1
       0
       0
       0
       0
       0
       0
       0
       0
       0
       0
       0
       1
       0
       0
       0
       0
       1
       0
       0
       0
       1
       0
       0
       1
       0
       0
       0
       0
       0
       0
       1
       0
       0
       0
       0
       1
       0
       1
       1
       0
       0
       1
       0
       0
       0
       0
       0
       0
       0
       1
       0
       0
       0
       1
       0
       0
       0
       0
       1
       0
       0
       0
       0
       0
       1
       1
       0
       0
       1
       1
       0
       3
       1
       0
       0
       3
       0
       0
       0
       0
       0
       1
       0
       0
       0
       1
       1
       0
       0
       0
       0
       1
       1
       1
       0
       0
       0
       0
       0
       1
       0
       1
       0
       1
       0
       2
       2
       1
       0
       0
       2
       0
       0
       1
       0
       0
       0
       0
       0
       0
       1
       0
       0
       0
       0
       0
       1
       0
       0
       0
       1
       0
       0
       0
       0
       1
       1
       1
       0
       0
       0
       0
       0
       0
       0
       1
       0
       0
       0
       0
       0
       1
       1
       0
       0
       0
       0
       0
       0
       1
       0
       1
       0
       0
       0
       1
       0
       0
       0
       0
       1
       0
       1
       0
       0
       0
       0
       2
       0
       0
       1
       0
       0
       0
       0
       0
       0
       1
       0
       1
       0
       0
       1
       1
       0
       0
       0
       0
       0
       0
       0
       0
       0
       0
       0
       1
       0
       0
       0
       0
       0
       0
       1
       0
       0
       1
       0
       2
       0
       1
       0
       0
       0
       1
       0
       0
       0
       0
       0
       0
       0
       0
       0
       2
       0
       0
       0
       0
       0
       1
       0
       0
       0
       0
       0
       1
       1
       0
       0
       0
       1
       0
       1
       1
       1
       1
       0
       1
       0
       1
       0
       0
       0
       2
       3
       0
       1
       0
       0
       0
       3
       1
       0
       0
       0
       0
       0
       0
       0
       0
       0
       0
       0
       0
       1
       0
       1
       0
       1
       0
       1
       1
       0
       2
       0
       0
       0
       1
       1
       0
       0
       1
       1
       1
       0
       0
       1
       0
       0
       1
       0
       1
       1
       2
       0
       0
       0
       0
       2
       0
       0
       0
       0
       0
       0
       0
       0
       1
       0
       0
       0
       1
       0
       1
       0
       1
       0
       1
       0
       0
       1
       0
       0
       0
       1
       0
       0
       0
       0
       0
       0
       1
       0
       0
       0
       1
       0
       1
       0
       0
       0
       2
       0
       0
       0
       0
       2
       0
       0
       0
       1
       2
       0
       1
       0
       0
       0
       0
       0
       0
       0
       0
       0
       2
       0
       0
       0
       1
       1
       0
       0
       0
       1
       0
       2
       3
       0
       2
       0
       0
       0
       0
       0
       2
       0
       0
       0
       0
       0
       0
       0
       0
       0
       1
       1
       2
       1
       0
       1
       1
       0
       0
       0
       0
       1
       0
       2
       0
       0
       0
       1
       1
       1
       0
       0
       1
       0
       0
       0
       0
       0
       1
       0
       1
       0
       0
       1
       0
       0
       1
       0
       0
       1
       0
       1
       0
       0
       0
       0
       2
       0
       0
       0
       0
       1
       0
       0
       0
       1
       1
       0
       0
       0
       0
       0
       0
       1
       0
       0
       1
       2
       0
       1
       0
       1
       2
       0
       0
       0
       0
       0
       0
       1
       0
       1
       0
       2
       2
       1
       0
       1
       1
       0
       1
       0
       0
       0
       0
       0
       0
       0
       1
       0
       0
       0
       0
       1
       0
       1
       0
       0
       0
       1
       1
       2
       0
       1
       0
       1
       0
       1
       0
       0
       0
       0
       0
       1
       2
       0
       2
       1
       0
       0
       1
       0
       0
       0
       0
       0
       1
       0
       0
       0
       0
       0
       2
       1
       1
       2
       1
       0
       0
       1
       0
       1
       0
       0
       0
       0
       0
       0
       1
       0
       0
       0
       1
       0
       0
       0
       1
       0
       0
       0
       1
       2
       2
       2
       0
       0
       1
       0
       0
       0
       1
       0
       0
       0
       2
       0
       0
       0
       0
       0
       1
       0
       0
       1
       0
       0
       1
       1
       1
       0
       2
       1
       0
       0
       1
       1
       1
       0
       0
       0
       1
       1
       2
       2
       1
       0
       0
       0
       0
       2
       1
       0
       1
       1
       0
       1
       0
       2
       0
       0
       1
       1
       0
       1
       0
       1
       0
       0
       2
       1
       1
       1
       2
       1
       1
       0
       2
       1
       1
       1
       0
       0
       2
       0
       0
       1
       1
       0
       1
       1
       0
       0
       1
       1
       0
       1
       1
       1
       0
       1
       0
       1
       1
       0
       0
       0
       0
       1
       0
       0
       0
       1
       1
       1
       0
       0
       0
       2
       0
       1
       1
       1
       1
       1
       1
       2
       0
       3
       2
       1
       1
       0
       1
       1
       0
       1
       1
       1
       2
       1
       1
       0
       2
       3
       2
       1
       0
       0
       0
       1
       2
       0
       1
       0
       1
       0
       0
       1
       0
       2
       1
       1
       0
       0
       0
       2
       0
       3
       1
       0
       1
       1
       0
       0
       2
       0
       0
       1
       2
       2
       1
       1
       0
       0
       1
       0
       1
       2
       0
       1
       0
       1
       0
       2
       1
       1
       0
       2
       3
       1
       0
       0
       0
       1
       0
       0
       0
       0
       2
       1
       1
       1
       0
       1
       0
       0
       0
       0
       0
       0
       3
       0
       2
       1
       0
       1
       1
       2
       1
       3
       0
       0
       0
       0
       1
       2
       2
       0
       2
       3
       1
       2
       3
       2
       0
       2
       0
       0
       1
       3
       3
       0
       2
       2
       1
       1
       2
       0
       3
       6
       3
       1
       0
       1
       2
       3
       2
       0
       3
       0
       2
       1
       1
       1
       1
       1
       0
       1
       3
       0
       1
       1
       0
       1
       2
       1
       3
       1
       1
       2
       4
       1
       2
       2
       1
       1
       1
       0
       0
       1
       0
       1
       2
       0
       1
       2
       1
       3
       2
       2
       2
       2
       4
       3
       2
       1
       1
       3
       2
       2
       1
       0
       0
       3
       2
       3
       2
       3
       2
       2
       6
       1
       0
       2
       1
       3
       1
       4
       2
       4
       1
       1
       3
       1
       2
       5
       1
       1
       1
       2
       2
       1
       3
       4
       5
       2
       2
       1
       1
       2
       4
       7
       1
       6
       4
       0
       3
       1
       4
       3
       2
       7
       4
       3
       3
       2
       2
       4
       5
       5
       5
       2
       1
       3
       3
       6
       1
       2
       5
       0
       4
       7
       5
       8
       6
       3
       2
       6
       1
       2
       5
       5
       2
       5
       7
       6
       4
       5
       2
       5
       3
       5
       7
       4
       2
       2
       5
       7
       3
       8
       5
       6
       5
       5
       2
       6
       3
       6
       6
       5
       3
      10
       6
       4
       7
       6
       3
       6
       3
       5
       6
       4
       4
       5
       7
       7
       6
       6
       6
       9
      10
       9
      11
       6
       5
       8
      11
       8
      10
       7
       8
      11
       8
       7
       6
       5
      10
       6
       9
      13
       8
      12
      10
      12
      12
      14
       6
      10
      10
      17
      12
      19
      13
      16
      23
      17
      20
      14
      14
      15
      18
       6
      17
       9
      19
      18
      13
      21
      12
      18
      14
      22
      19
      15
      20
      26
      21
      18
      25
      19
      28
      18
      26
      24
      29
      16
      26
      25
      31
      30
      26
      21
      35
      28
      33
      25
      23
      27
      34
      32
      38
      27
      35
      42
      22
      44
      39
      39
      28
      38
      35
      43
      33
      38
      43
      33
      45
      41
      40
      36
      44
      43
      40
      40
      52
      43
      56
      40
      53
      57
      56
      85
      66
      56
      75
      60
      62
      53
      57
      72
      54
      63
      52
      56
      67
      63
      61
      55
      47
      68
      71
      69
      76
      60
      74
      59
      58
      67
      84
      64
      74
      74
     105
      88
      76
      64
      82
     101
      88
      83
      86
      80
      89
      85
      96
      88
      93
      90
      71
      96
      87
      89
      78
      71
      85
      85
      96
      97
      95
      80
     106
     105
     123
      93
     101
      90
      94
     106
      98
     100
     107
      98
      84
      83
     105
      92
     102
      97
     105
     108
      94
     105
     107
     104
     105
      99
     101
     108
      91
      90
      99
     108
      99
     107
      91
      80
     107
      98
     111
      78
      97
     106
      72
      79
      89
     100
     106
      83
      93
      85
      69
      93
      79
      68
      89
      72
      88
      91
      88
      89
      88
      77
      74
      76
      69
      88
      60
      79
      80
      71
      52
      74
      93
      64
      66
      77
      76
      75
      58
      64
      54
      58
      56
      67
      59
      65
      59
      59
      62
      67
      57
      59
      47
      48
      41
      47
      48
      61
      46
      55
      31
      37
      33
      34
      41
      30
      37
      31
      26
      30
      33
      38
      36
      33
      32
      28
      20
      24
      27
      18
      26
      34
      21
      14
      17
      15
      21
      19
      16
      16
      27
      13
      18
      14
      18
      12
      20
      12
       7
      13
      10
      13
      11
       7
      14
       6
       5
       6
      10
      12
       8
       5
       2
       5
       7
       4
       5
       6
       4
      17
       6
       3
       4
       3
       6
       3
       2
       5
       1
       5
       9
       3
       3
       2
       4
       6
       2
       0
       3
       2
       1
       3
       2
       0
       1
       3
       0
       2
       1
       1
       1
       1
       1
       2
       0
       0
       2
       0
       0
       0
       1
       1
       0
       2
       1
       0
       0
       0
       0
       0
       1
       0
       1
       0
       1
       0
       1
       0
       0
       2
       0
       0
       0
       0
       0
       0
       0
       0
       1
       2
       0
       0
       0
       0
       0
       0
       1
       0
       0
       0
       0
       0
       0
       0
       0
       2
       0
       0
       0
       0
       0
       0
       0
       0
       1
       0
       0
       0
       0
       0
       0
       0
       0
       0
       0
       0
       0
       0
       0
       0
       0
       0
       0
       0
       0
       0
       0
       0
       0
       0
       0
       0
       0
       0
       0
       0
       0
       0
       0
       0
       0
       0
       0
       0
       0
       0
       0
       0
       0
       0
       0
       0
       0
       0
       0
       0
       0
       0
       0
       0
       0
       0
       0
       0
       0
       0
       0
       0
       0
       0
       0
       0
       0
       0
       0
       0
       0
       0
       0
       0
       0
       0
       0
       0
       0
       0
       0
       1
       0
       0
       1
       0
       0
       0
       0
       0
       0
       0
       0
       0
       0
       0
       0
       0
       0
       0
       0
       0
       0
       0
       0
       0
       0
       0
       0
       0
       0
       0
       0
       0
       0
       0
       0
       0
       0
       0
       0
       0
       0
       0
       0
       0
       0
       0
       0
       0
       0
       0
       0
       0
       0
       0
       0
       0
       0
       0
       0
       0
       0
       0
       0
       0
       0
       0
       0
       0
       0
       0
       0
       0
       0
       0
       0
       0
       0
       0
       0
       0
       0
       0
       0
       0
       0
       0
       0
       0
       0
       0
       0
$ROI:
1
569 687
$PRESETS:
Real Time
120
0
$ENER_FIT:
-32.615425 1.335664
$MCA_CAL:
3
-3.261543E+001 1.335664E+000 0.000000E+000 keV
$SHAPE_CAL:
3
0.000000E+000 0.000000E+000 0.000000E+000
