$SPEC_ID:
No sample description was entered.
$SPEC_REM:
DET# 3
DETDESC# JLAB-18 MCB 131
AP# Maestro Version 7.01
$DATE_MEA:
11/26/2018 14:49:33
$MEAS_TIM:
119 120
$DATA:
0 2047
       0
       0
       0
       0
       0
       0
       0
       0
       0
       0
       0
       0
       0
       0
       0
       0
       0
       0
       0
       0
       0
       0
       0
       0
       0
       0
       0
       0
       0
       0
       0
       0
       0
       0
       0
       0
       0
       0
       0
       0
       0
       0
       0
       0
       0
       0
       0
       0
       0
       0
       0
       0
       0
       0
       0
       0
       0
       0
       0
       0
       0
       0
       0
       0
       0
       0
       0
       0
       0
       0
       0
       0
       0
       0
       0
       0
       0
       0
       0
       0
       0
       0
       0
       0
       0
       0
       0
       0
       0
       0
       0
       0
       0
       0
       0
       0
       0
       0
       0
       0
       0
       0
       2
       0
       0
       2
       0
       2
       0
       0
       0
       0
       1
       1
       0
       0
       1
       3
       2
       1
       0
       0
       0
       1
       1
       1
       0
       0
       1
       1
       1
       0
       0
       0
       0
       1
       2
       1
       1
       1
       1
       1
       0
       2
       0
       0
       1
       0
       1
       0
       1
       1
       1
       0
       0
       1
       0
       0
       1
       0
       1
       1
       2
       1
       0
       1
       0
       0
       0
       1
       2
       2
       1
       0
       2
       0
       1
       1
       0
       0
       1
       0
       2
       0
       1
       0
       1
       0
       0
       2
       1
       1
       0
       3
       0
       0
       0
       1
       1
       1
       1
       2
       2
       0
       0
       2
       1
       0
       1
       0
       0
       0
       0
       0
       0
       2
       1
       0
       1
       0
       0
       0
       2
       0
       0
       1
       0
       0
       2
       0
       2
       0
       1
       2
       0
       0
       2
       0
       1
       3
       0
       1
       1
       0
       2
       0
       1
       0
       0
       0
       1
       0
       0
       0
       0
       0
       0
       1
       1
       0
       1
       1
       0
       0
       1
       0
       0
       1
       0
       0
       1
       0
       0
       2
       0
       0
       1
       0
       0
       1
       1
       0
       0
       3
       0
       1
       2
       0
       0
       0
       0
       1
       0
       0
       0
       1
       1
       0
       0
       0
       1
       0
       1
       0
       2
       0
       0
       1
       1
       2
       0
       0
       1
       0
       2
       0
       1
       0
       0
       0
       1
       0
       0
       1
       0
       0
       0
       0
       1
       1
       0
       0
       0
       1
       1
       0
       0
       1
       0
       0
       0
       0
       1
       0
       0
       0
       0
       2
       0
       0
       1
       0
       1
       0
       0
       1
       0
       0
       1
       1
       0
       0
       1
       0
       0
       0
       0
       0
       0
       0
       2
       0
       1
       0
       0
       0
       1
       0
       0
       0
       0
       1
       1
       0
       0
       0
       0
       0
       0
       1
       0
       0
       1
       1
       0
       0
       0
       0
       0
       1
       1
       1
       0
       0
       0
       0
       1
       0
       1
       0
       0
       0
       1
       0
       0
       0
       0
       1
       1
       2
       1
       0
       0
       0
       1
       0
       0
       0
       1
       0
       0
       1
       0
       1
       2
       0
       0
       0
       0
       1
       0
       0
       0
       0
       2
       0
       0
       0
       0
       0
       2
       0
       0
       1
       1
       0
       0
       1
       1
       0
       0
       0
       0
       0
       0
       1
       0
       1
       0
       0
       0
       0
       0
       0
       0
       0
       0
       2
       1
       0
       0
       0
       1
       0
       2
       0
       1
       0
       0
       0
       2
       0
       0
       0
       0
       0
       0
       0
       0
       1
       2
       2
       0
       0
       0
       1
       0
       0
       1
       0
       0
       0
       0
       1
       1
       0
       0
       0
       0
       0
       0
       1
       2
       2
       0
       1
       0
       0
       0
       1
       1
       0
       0
       1
       0
       1
       0
       0
       0
       0
       0
       0
       0
       0
       0
       1
       0
       0
       0
       0
       0
       0
       0
       1
       0
       0
       0
       0
       0
       0
       1
       0
       0
       0
       1
       0
       1
       1
       1
       2
       0
       0
       0
       1
       0
       0
       0
       0
       1
       0
       0
       0
       0
       1
       0
       0
       0
       2
       0
       0
       0
       0
       0
       0
       1
       1
       0
       0
       0
       0
       0
       0
       0
       0
       0
       0
       0
       0
       0
       1
       0
       0
       1
       1
       0
       0
       0
       0
       0
       0
       0
       0
       1
       0
       0
       0
       0
       0
       1
       0
       0
       0
       1
       0
       1
       0
       0
       0
       0
       0
       0
       0
       0
       0
       0
       0
       0
       1
       0
       0
       2
       0
       0
       0
       0
       1
       0
       1
       0
       1
       0
       0
       0
       0
       1
       0
       0
       0
       0
       2
       1
       1
       1
       0
       0
       1
       0
       1
       0
       0
       0
       0
       2
       0
       0
       0
       0
       1
       3
       1
       0
       0
       0
       1
       0
       1
       0
       1
       1
       0
       1
       0
       0
       0
       0
       0
       0
       0
       1
       0
       0
       1
       0
       0
       1
       1
       0
       0
       0
       0
       0
       0
       0
       0
       1
       0
       0
       0
       0
       0
       0
       0
       0
       0
       0
       0
       0
       0
       1
       1
       0
       0
       0
       0
       0
       0
       0
       1
       0
       0
       0
       0
       0
       0
       0
       0
       1
       0
       0
       0
       1
       1
       0
       0
       1
       1
       1
       0
       0
       2
       0
       0
       0
       0
       1
       0
       1
       0
       0
       0
       1
       1
       1
       1
       0
       1
       0
       0
       0
       0
       0
       0
       0
       1
       1
       0
       0
       0
       1
       1
       1
       2
       0
       0
       0
       1
       0
       1
       0
       0
       1
       0
       1
       2
       0
       1
       0
       1
       0
       0
       0
       0
       0
       0
       0
       0
       0
       0
       0
       1
       0
       0
       2
       0
       0
       1
       0
       0
       1
       0
       0
       1
       0
       1
       0
       0
       0
       0
       1
       0
       0
       0
       0
       1
       2
       0
       0
       0
       0
       0
       0
       1
       1
       0
       0
       0
       0
       0
       1
       0
       1
       1
       1
       1
       0
       0
       0
       1
       1
       0
       0
       0
       0
       0
       0
       0
       0
       0
       0
       0
       0
       0
       0
       0
       0
       1
       0
       0
       0
       0
       0
       1
       0
       0
       0
       3
       2
       1
       0
       0
       0
       2
       0
       1
       1
       1
       0
       0
       0
       1
       0
       1
       0
       1
       0
       1
       0
       0
       1
       2
       1
       0
       1
       1
       0
       0
       0
       0
       1
       0
       0
       1
       0
       0
       1
       0
       0
       0
       0
       0
       1
       2
       0
       0
       0
       1
       1
       0
       1
       0
       1
       0
       0
       0
       1
       1
       2
       2
       0
       0
       0
       0
       0
       0
       0
       1
       0
       0
       1
       1
       1
       0
       0
       0
       0
       0
       1
       0
       0
       1
       1
       0
       0
       0
       0
       1
       2
       0
       0
       0
       0
       0
       0
       0
       2
       0
       0
       0
       0
       1
       0
       0
       0
       2
       1
       0
       0
       0
       1
       1
       0
       0
       0
       0
       2
       1
       0
       1
       2
       1
       1
       1
       1
       0
       1
       0
       0
       0
       2
       4
       1
       1
       1
       0
       0
       0
       1
       0
       1
       0
       0
       1
       2
       0
       1
       0
       0
       0
       1
       0
       1
       0
       0
       1
       2
       0
       1
       0
       0
       0
       0
       0
       1
       1
       0
       0
       1
       0
       0
       2
       1
       0
       0
       0
       1
       0
       1
       1
       0
       0
       0
       2
       1
       1
       0
       2
       1
       0
       3
       1
       0
       0
       0
       1
       0
       1
       0
       0
       1
       0
       1
       1
       0
       2
       0
       0
       1
       0
       1
       1
       0
       1
       0
       0
       1
       1
       0
       1
       1
       0
       0
       0
       0
       0
       1
       1
       1
       0
       1
       1
       0
       0
       0
       1
       1
       2
       0
       0
       0
       0
       0
       0
       2
       0
       1
       0
       0
       0
       2
       1
       3
       1
       0
       0
       2
       0
       1
       0
       0
       0
       1
       2
       1
       0
       1
       1
       2
       1
       0
       2
       3
       1
       1
       1
       1
       2
       0
       1
       2
       1
       1
       0
       0
       0
       2
       1
       1
       0
       1
       0
       1
       1
       0
       0
       1
       2
       0
       0
       0
       2
       1
       1
       0
       2
       2
       0
       3
       1
       1
       2
       0
       2
       0
       1
       3
       0
       0
       0
       0
       0
       0
       0
       0
       1
       0
       0
       2
       1
       2
       1
       2
       1
       1
       0
       1
       1
       0
       1
       2
       0
       2
       2
       0
       0
       1
       0
       1
       1
       1
       0
       1
       0
       1
       1
       0
       0
       0
       2
       1
       2
       1
       0
       2
       1
       2
       0
       0
       0
       1
       2
       0
       0
       0
       0
       0
       2
       0
       3
       4
       2
       0
       0
       0
       0
       0
       1
       1
       2
       1
       0
       1
       1
       2
       3
       0
       3
       1
       2
       2
       2
       2
       3
       1
       1
       1
       1
       1
       3
       0
       1
       1
       3
       1
       1
       1
       0
       2
       1
       0
       2
       2
       2
       1
       1
       4
       1
       4
       2
       3
       0
       2
       0
       2
       6
       0
       1
       0
       2
       4
       3
       2
       2
       4
       2
       1
       2
       2
       4
       1
       3
       5
       3
       2
       2
       7
       0
       2
       0
       3
       1
       4
       0
       4
       3
       3
       1
       2
       3
       5
       2
       2
       0
       2
       2
       3
       5
       2
       4
       3
       3
       4
       1
       0
       2
       3
       5
       5
       2
       5
       2
       3
       1
       1
       3
       5
       6
       3
       4
       4
       6
       7
       2
       5
       1
       5
       2
       2
       3
       4
       2
       3
       3
       3
       6
       4
       2
       5
       7
       3
       4
       3
       4
       5
       4
       5
       5
       5
       7
       6
       5
       6
       3
       4
       9
       8
       5
       8
       4
       1
       4
       5
       7
       8
       5
       6
       8
       2
       6
       6
       3
       7
       4
       5
       4
       5
       5
       6
      10
       8
       4
       7
       7
      11
       8
      11
       7
      10
       7
      12
       8
       6
      16
       9
      13
      15
      10
      17
      12
       7
      10
      12
      14
       4
      13
      10
      14
      13
      12
      13
      15
       9
      11
      17
      14
      16
      19
       9
      14
      17
      20
      18
      16
      20
      19
      13
      15
      17
      15
      16
      21
      21
      16
      22
      12
      16
      21
      18
      17
      19
      31
      22
      18
      29
      25
      28
      36
      25
      24
      25
      29
      27
      25
      32
      24
      31
      19
      31
      30
      31
      28
      26
      29
      30
      36
      39
      41
      30
      27
      38
      34
      41
      47
      34
      42
      44
      51
      40
      38
      51
      45
      49
      68
      54
      48
      50
      49
      53
      45
      44
      71
      51
      57
      46
      59
      47
      43
      57
      53
      65
      79
      49
      77
      54
      65
      56
      59
      72
      66
      63
      70
      61
      61
      62
      85
      55
      65
      70
      61
      77
      98
      73
      66
      62
      63
      84
      93
      77
      92
      88
      74
      76
      85
      75
      72
      70
      64
      86
      68
      72
      64
      77
      90
     106
      78
      71
      80
      79
      83
      87
      84
      89
     103
      96
      88
      96
      87
      92
      94
     106
      88
      83
      99
      81
      94
      88
      91
      94
      96
      87
      88
      87
      90
      77
      78
      82
      83
      82
      75
      90
      81
      67
      87
      65
      72
      76
      67
      75
      87
      78
      80
      77
      90
      75
      94
      70
      79
      83
      62
      88
      75
      73
      64
      82
      81
      90
      71
      58
      81
      78
      84
      54
      92
      61
      67
      59
      61
      70
      67
      67
      45
      66
      55
      55
      55
      48
      57
      64
      56
      57
      55
      45
      38
      55
      50
      49
      44
      28
      41
      37
      42
      30
      40
      26
      32
      34
      35
      35
      33
      28
      40
      32
      31
      34
      27
      32
      31
      22
      24
      17
      27
      20
      28
      23
      25
      20
      20
      15
      14
      20
      21
      18
      14
      21
      16
      23
      11
      12
      15
       8
      13
      10
       5
      10
      13
      11
      14
      10
      13
       9
       7
       9
       7
       8
       8
      10
       4
       2
       7
      11
       5
       5
       6
       3
       5
       5
       5
       6
       3
       4
       2
       3
       3
       2
       1
       2
       2
       1
       5
       1
       2
       2
       3
       1
       0
       2
       0
       1
       2
       0
       2
       1
       0
       2
       0
       0
       1
       0
       1
       1
       0
       0
       1
       0
       0
       0
       0
       1
       0
       1
       1
       0
       0
       2
       0
       2
       0
       1
       0
       0
       0
       0
       0
       0
       0
       0
       0
       0
       0
       1
       0
       0
       0
       0
       0
       0
       0
       0
       0
       1
       0
       0
       1
       0
       1
       2
       0
       0
       0
       0
       0
       1
       0
       0
       0
       0
       0
       0
       0
       0
       0
       0
       1
       0
       0
       0
       0
       0
       0
       0
       0
       0
       0
       0
       0
       0
       0
       0
       0
       0
       0
       0
       0
       0
       0
       0
       0
       0
       0
       0
       0
       0
       0
       0
       0
       0
       0
       0
       0
       0
       0
       0
       0
       0
       0
       0
       0
       0
       0
       0
       0
       0
       0
       0
       0
       0
       0
       0
       0
       0
       0
       0
       0
       0
       0
       0
       0
       0
       0
       0
       0
       0
       0
       0
       0
       0
       0
       0
       0
       0
       0
       0
       0
       0
       0
       0
       0
       0
       0
       0
       0
       0
       0
       0
       0
       0
       0
       0
       0
       0
       0
       0
       0
       0
       0
       0
       0
       0
       0
       0
       0
       0
       0
       0
       0
       0
       0
       0
       0
       0
       0
       0
       0
       0
       0
       0
       0
       0
       0
       0
       0
       0
       0
       0
       0
       0
       0
       0
       0
       0
       0
       0
       0
       0
       0
       0
       0
       0
       0
       0
       0
       0
       0
       0
       0
       0
       0
       0
       0
$ROI:
1
569 687
$PRESETS:
Real Time
120
0
$ENER_FIT:
-32.615425 1.335664
$MCA_CAL:
3
-3.261543E+001 1.335664E+000 0.000000E+000 keV
$SHAPE_CAL:
3
0.000000E+000 0.000000E+000 0.000000E+000
