$SPEC_ID:
No sample description was entered.
$SPEC_REM:
DET# 3
DETDESC# JLAB-18 MCB 131
AP# Maestro Version 7.01
$DATE_MEA:
11/28/2018 14:37:55
$MEAS_TIM:
119 120
$DATA:
0 2047
       0
       0
       0
       0
       0
       0
       0
       0
       0
       0
       0
       0
       0
       0
       0
       0
       0
       0
       0
       0
       0
       0
       0
       0
       0
       0
       0
       0
       0
       0
       0
       0
       0
       0
       0
       0
       0
       0
       0
       0
       0
       0
       0
       0
       0
       0
       0
       0
       0
       0
       0
       0
       0
       0
       0
       0
       0
       0
       0
       0
       0
       0
       0
       0
       0
       0
       0
       0
       0
       0
       0
       0
       0
       0
       0
       0
       0
       0
       0
       0
       0
       0
       0
       0
       0
       0
       0
       0
       0
       0
       0
       0
       0
       0
       0
       0
       0
       0
       0
       0
       1
       0
       1
       0
       2
       1
       1
       0
       1
       2
       1
       1
       0
       1
       0
       1
       1
       0
       0
       0
       1
       1
       1
       3
       0
       1
       0
       1
       2
       2
       0
       0
       0
       1
       1
       2
       2
       0
       0
       1
       0
       2
       1
       1
       0
       1
       2
       3
       1
       0
       1
       1
       1
       0
       1
       0
       1
       1
       0
       0
       0
       0
       2
       0
       0
       1
       0
       1
       0
       0
       0
       0
       0
       0
       0
       1
       0
       0
       1
       1
       0
       0
       0
       1
       0
       2
       0
       1
       1
       0
       0
       4
       0
       0
       0
       0
       0
       3
       0
       1
       0
       1
       0
       0
       0
       1
       1
       0
       0
       0
       2
       0
       0
       2
       1
       2
       0
       0
       2
       0
       3
       1
       1
       0
       1
       0
       1
       2
       0
       0
       1
       0
       0
       0
       1
       0
       0
       0
       0
       0
       0
       0
       2
       0
       1
       1
       0
       1
       1
       1
       0
       0
       0
       0
       0
       0
       0
       1
       0
       1
       1
       1
       1
       0
       0
       0
       2
       1
       0
       1
       0
       0
       0
       1
       0
       0
       0
       0
       0
       0
       0
       2
       0
       0
       0
       1
       0
       0
       0
       0
       0
       0
       1
       0
       0
       0
       2
       1
       0
       0
       0
       0
       0
       1
       0
       0
       2
       0
       0
       0
       1
       0
       1
       1
       0
       0
       1
       0
       3
       2
       0
       0
       0
       1
       2
       0
       0
       0
       0
       0
       0
       0
       1
       1
       0
       2
       1
       1
       0
       0
       0
       0
       0
       1
       0
       2
       1
       1
       0
       0
       0
       1
       0
       0
       0
       0
       0
       1
       0
       0
       0
       0
       0
       0
       1
       0
       1
       1
       1
       2
       1
       0
       0
       0
       1
       1
       0
       0
       0
       1
       1
       0
       0
       2
       0
       0
       0
       0
       0
       1
       1
       2
       0
       0
       0
       0
       1
       0
       0
       1
       0
       0
       1
       0
       0
       0
       0
       0
       0
       0
       0
       1
       0
       1
       0
       0
       1
       0
       0
       0
       0
       0
       0
       0
       1
       0
       0
       0
       0
       0
       1
       0
       0
       0
       0
       1
       1
       0
       0
       1
       0
       0
       0
       0
       2
       0
       0
       0
       0
       0
       0
       0
       0
       3
       0
       0
       0
       0
       1
       0
       0
       0
       0
       0
       0
       0
       0
       0
       0
       1
       0
       2
       0
       0
       0
       1
       0
       0
       1
       0
       1
       0
       0
       0
       1
       0
       0
       1
       1
       0
       0
       0
       0
       0
       1
       0
       0
       0
       0
       0
       0
       1
       1
       0
       0
       1
       0
       1
       0
       2
       0
       0
       0
       2
       0
       0
       0
       1
       0
       0
       0
       2
       0
       0
       0
       0
       1
       0
       0
       1
       0
       0
       1
       0
       0
       2
       1
       1
       1
       0
       0
       0
       0
       1
       0
       1
       0
       0
       0
       0
       1
       0
       1
       0
       1
       0
       0
       0
       0
       0
       0
       0
       1
       0
       0
       0
       0
       0
       0
       0
       1
       0
       1
       1
       1
       0
       0
       0
       1
       1
       0
       0
       0
       1
       0
       0
       0
       0
       1
       2
       0
       0
       1
       0
       0
       0
       1
       1
       0
       0
       1
       0
       2
       0
       0
       0
       0
       0
       0
       1
       1
       1
       0
       0
       0
       1
       1
       1
       0
       1
       0
       0
       0
       0
       1
       0
       0
       0
       0
       1
       1
       0
       0
       0
       0
       0
       0
       1
       0
       0
       0
       0
       0
       0
       1
       0
       0
       1
       0
       1
       1
       0
       1
       0
       0
       2
       0
       0
       0
       0
       0
       0
       0
       0
       0
       0
       1
       0
       1
       0
       1
       0
       0
       0
       0
       0
       1
       0
       0
       0
       0
       0
       0
       0
       0
       0
       1
       1
       0
       0
       1
       0
       0
       0
       0
       0
       0
       1
       0
       0
       1
       0
       0
       1
       0
       0
       0
       2
       0
       0
       0
       0
       0
       1
       0
       0
       0
       1
       0
       0
       0
       0
       0
       0
       0
       0
       0
       0
       0
       0
       0
       0
       1
       1
       3
       0
       0
       1
       1
       0
       1
       0
       0
       1
       0
       0
       0
       1
       0
       1
       0
       1
       0
       0
       1
       0
       0
       0
       0
       0
       1
       1
       0
       0
       1
       0
       1
       0
       0
       2
       0
       1
       0
       0
       0
       0
       0
       0
       0
       0
       0
       0
       0
       0
       0
       0
       1
       0
       0
       0
       0
       0
       0
       0
       0
       0
       0
       0
       0
       1
       0
       0
       2
       0
       0
       0
       0
       0
       0
       0
       0
       0
       0
       0
       1
       2
       0
       0
       1
       0
       0
       0
       0
       0
       0
       1
       1
       0
       0
       1
       0
       0
       0
       0
       0
       0
       0
       0
       1
       0
       1
       0
       0
       0
       0
       0
       0
       0
       0
       0
       1
       0
       0
       2
       0
       0
       1
       0
       0
       0
       0
       1
       0
       0
       0
       0
       0
       0
       2
       0
       1
       0
       0
       0
       0
       1
       1
       0
       1
       1
       0
       1
       0
       1
       0
       0
       0
       0
       0
       0
       0
       3
       1
       0
       0
       0
       0
       0
       3
       2
       1
       1
       3
       0
       0
       0
       0
       0
       0
       0
       0
       3
       0
       2
       0
       0
       2
       0
       0
       0
       0
       0
       0
       0
       1
       0
       0
       1
       0
       1
       0
       1
       0
       0
       0
       1
       1
       2
       0
       2
       0
       1
       0
       0
       2
       1
       0
       1
       0
       0
       0
       1
       0
       1
       0
       0
       2
       1
       1
       0
       2
       0
       0
       0
       0
       0
       0
       0
       1
       0
       0
       0
       0
       3
       0
       2
       1
       1
       0
       0
       0
       1
       1
       1
       0
       0
       0
       0
       1
       1
       1
       0
       0
       0
       1
       0
       0
       0
       1
       1
       0
       1
       0
       1
       0
       0
       0
       1
       0
       1
       0
       0
       1
       0
       0
       1
       0
       0
       0
       0
       0
       0
       0
       0
       2
       1
       0
       1
       0
       0
       0
       0
       0
       1
       0
       0
       2
       1
       0
       1
       0
       0
       0
       1
       0
       2
       0
       1
       2
       0
       0
       0
       0
       1
       1
       0
       0
       0
       0
       1
       1
       0
       2
       0
       0
       1
       0
       0
       0
       1
       1
       1
       0
       3
       2
       1
       0
       0
       0
       0
       0
       0
       0
       0
       1
       1
       1
       0
       1
       0
       0
       1
       0
       1
       0
       0
       0
       0
       0
       1
       0
       2
       0
       0
       0
       0
       0
       2
       0
       1
       0
       0
       2
       1
       0
       1
       0
       0
       0
       1
       1
       2
       1
       1
       0
       0
       2
       0
       2
       0
       1
       2
       0
       0
       3
       1
       2
       1
       0
       0
       0
       2
       2
       1
       1
       1
       2
       0
       2
       0
       3
       0
       0
       1
       0
       0
       2
       0
       1
       2
       0
       1
       2
       2
       1
       1
       0
       0
       0
       0
       0
       0
       0
       0
       0
       0
       0
       0
       0
       1
       0
       0
       1
       0
       0
       2
       0
       0
       2
       1
       1
       0
       0
       0
       3
       0
       0
       0
       0
       1
       3
       0
       2
       0
       2
       1
       0
       0
       0
       0
       0
       0
       0
       2
       1
       2
       1
       0
       1
       0
       1
       0
       1
       3
       1
       1
       4
       1
       3
       0
       1
       1
       1
       0
       1
       1
       2
       2
       0
       2
       0
       1
       1
       1
       0
       0
       1
       0
       3
       0
       0
       1
       0
       0
       0
       1
       2
       2
       0
       3
       1
       1
       1
       0
       2
       1
       2
       1
       2
       0
       1
       1
       1
       1
       0
       2
       4
       4
       1
       0
       0
       2
       0
       3
       2
       0
       0
       2
       2
       2
       1
       0
       2
       1
       2
       1
       3
       1
       1
       1
       1
       0
       0
       3
       2
       2
       1
       1
       2
       1
       0
       1
       1
       1
       3
       3
       1
       4
       0
       2
       2
       2
       2
       1
       2
       0
       0
       2
       0
       1
       4
       2
       0
       2
       1
       0
       3
       4
       1
       3
       0
       1
       1
       2
       0
       1
       1
       2
       0
       0
       2
       2
       1
       2
       1
       2
       2
       4
       1
       3
       2
       4
       1
       2
       2
       8
       2
       1
       2
       3
       2
       2
       3
       3
       1
       2
       3
       2
       3
       1
       3
       4
       1
       3
       3
       2
       1
       3
       2
       3
       1
       5
       3
       3
       2
       4
       2
       4
       5
       4
       1
       3
       7
       5
       5
       5
       4
       2
       1
       0
       4
       4
       4
       1
       7
       4
       4
       8
       4
       5
       9
       5
       3
       6
       3
       8
       8
       3
       3
       7
       3
       8
       5
       4
       4
       4
       4
       6
       7
       4
       5
       4
       5
       7
       7
       4
       2
       6
       7
      18
       6
       4
       2
       9
       7
       6
      11
      12
       6
      11
       6
       8
       8
       9
       3
      10
       7
      13
      14
      11
       8
      10
      12
      11
      13
      10
       6
      17
       9
      16
       9
      10
      13
       8
       9
      16
      14
      11
      17
       5
      13
      18
      20
      13
      25
       9
      14
      20
      14
      12
      15
      19
      15
      15
      24
      18
      19
      18
      20
      16
      17
      18
      25
      22
      16
      26
      21
      31
      18
      25
      24
      29
      23
      28
      19
      23
      23
      20
      28
      33
      21
      26
      27
      31
      30
      26
      29
      22
      34
      31
      39
      33
      37
      34
      33
      37
      48
      46
      35
      32
      35
      45
      39
      37
      41
      39
      33
      47
      30
      36
      42
      49
      33
      47
      45
      39
      57
      52
      66
      48
      61
      56
      44
      41
      60
      49
      60
      50
      58
      53
      63
      65
      72
      70
      66
      62
      69
      54
      61
      75
      70
      64
      80
      68
      81
      60
      72
      77
      85
      79
      69
      61
      69
      95
      93
      79
      76
      72
      85
      86
      72
      73
      82
      64
      93
      71
      88
      92
      80
      70
      79
      73
      90
      91
      88
      89
     104
      84
      80
      75
      85
      90
      88
      98
      87
      85
     108
      97
      92
     100
      93
      84
     108
      89
      79
      74
      78
      85
      82
      81
      83
      79
      73
      92
      86
      77
      63
      99
      76
      82
      65
      78
      77
      82
      79
      97
      81
      76
      76
      82
      87
      85
      72
      76
      87
      77
      76
      58
      87
      61
      72
      70
      75
      54
      67
      62
      76
      60
      74
      50
      56
      58
      54
      51
      46
      45
      52
      56
      61
      57
      61
      61
      59
      48
      61
      48
      51
      49
      43
      52
      38
      45
      34
      50
      40
      42
      50
      41
      45
      25
      31
      24
      32
      31
      36
      34
      29
      28
      34
      21
      26
      23
      25
      24
      24
      23
      21
      23
      24
      34
      17
      17
      17
      17
      18
      15
      13
      17
      10
      12
      17
      11
      13
       8
      15
      12
       9
      13
      12
       8
      11
      11
       8
      11
      16
       9
       8
       9
       5
      12
       3
       5
       8
       6
       4
       2
       7
       7
       7
       4
       1
       3
       3
       6
       1
       1
       2
       4
       3
       0
       2
       1
       1
       1
       1
       0
       5
       1
       1
       0
       0
       1
       2
       0
       0
       1
       1
       0
       2
       2
       3
       1
       1
       0
       1
       0
       1
       1
       0
       0
       0
       1
       0
       0
       0
       1
       0
       0
       0
       0
       0
       0
       2
       0
       0
       0
       1
       0
       0
       0
       0
       0
       0
       0
       0
       0
       0
       0
       0
       1
       0
       0
       0
       0
       0
       0
       1
       0
       0
       0
       1
       0
       0
       0
       0
       0
       0
       0
       0
       0
       0
       0
       0
       0
       0
       0
       0
       0
       0
       0
       0
       0
       0
       0
       0
       0
       0
       0
       0
       0
       0
       0
       0
       0
       0
       0
       0
       0
       0
       0
       0
       0
       0
       0
       0
       0
       0
       0
       0
       0
       0
       0
       0
       0
       0
       0
       0
       0
       0
       0
       0
       0
       0
       0
       0
       0
       0
       0
       0
       0
       0
       0
       0
       0
       0
       0
       0
       0
       0
       0
       0
       0
       0
       0
       0
       0
       0
       0
       0
       0
       0
       0
       0
       0
       0
       0
       0
       0
       0
       0
       0
       0
       0
       0
       0
       0
       0
       0
       0
       0
       0
       0
       0
       0
       0
       0
       0
       0
       0
       0
       0
       0
       0
       0
       0
       0
       0
       0
       0
       0
       0
       0
       0
       0
       0
       0
       0
       0
       0
       0
       0
       0
       0
       0
       0
       0
       0
       0
       0
       0
       0
       0
       0
       0
       0
       0
       0
       0
       0
       0
       0
       0
       0
       0
       0
       0
       0
       0
       0
       0
       0
       0
       0
       0
       0
       0
       0
       0
       0
       0
       0
       0
       0
       0
       0
       0
       0
       0
$ROI:
1
569 687
$PRESETS:
Real Time
120
0
$ENER_FIT:
-32.615425 1.335664
$MCA_CAL:
3
-3.261543E+001 1.335664E+000 0.000000E+000 keV
$SHAPE_CAL:
3
0.000000E+000 0.000000E+000 0.000000E+000
