$SPEC_ID:
Central Velocity Selector Voltage
$SPEC_REM:
DET# 1
DETDESC# JLAB-11 MCB 132
AP# Maestro Version 7.01
$DATE_MEA:
10/10/2018 15:03:19
$MEAS_TIM:
720 726
$DATA:
0 2047
       0
       0
       0
       0
       0
       0
       0
       0
       0
       0
       0
       0
       0
       0
       0
       0
       0
       0
       0
       0
       0
       0
       0
       0
       0
       0
       0
       0
       0
       0
       0
       0
       0
       0
       0
       0
       0
       0
       0
       0
       0
       0
       0
       0
       0
       0
       0
       0
       0
       0
       0
       0
       0
       0
       0
       0
       0
       0
       0
      37
     429
     408
     409
     429
     442
     375
     446
     408
     413
     387
     448
     434
     431
     460
     418
     444
     477
     471
     489
     475
     498
     514
     535
     567
     603
     639
     646
     699
     754
     785
     844
     863
     911
     916
     992
    1046
    1109
    1215
    1155
    1275
    1361
    1379
    1375
    1477
    1516
    1480
    1550
    1549
    1546
    1519
    1563
    1542
    1502
    1551
    1539
    1487
    1430
    1437
    1289
    1303
    1194
    1202
    1072
    1068
     998
     859
     891
     820
     766
     679
     648
     564
     515
     507
     460
     423
     339
     338
     359
     281
     264
     224
     210
     218
     166
     155
     188
     154
     136
     146
     133
     129
     126
     112
     116
     105
     111
     123
     108
     119
      96
     104
     108
     107
      92
     106
     109
     108
     107
      98
     103
      99
     117
     116
      93
     100
     125
      99
     119
     114
      99
      96
     111
     109
     122
     100
     113
     112
     124
     118
     113
     122
     109
     115
      97
     107
     119
     105
     137
     115
     122
     112
     132
      88
     111
     133
     109
      90
     107
     123
     107
     125
     109
     102
     113
     110
     111
     113
     113
     104
      91
      92
     101
     107
     111
      94
     113
     103
      95
     111
      87
     100
     111
      91
      84
     100
     114
     102
      99
      87
      80
      99
     105
      80
      85
      89
      95
      84
      99
      80
      80
      75
      83
      82
      76
      73
      86
      87
      79
      86
      78
      95
      80
      85
      89
      92
      90
      73
      87
      91
      92
      95
     108
     104
     100
      97
     129
      95
     103
     130
     125
     108
     126
     120
     104
     113
     126
     115
     133
     123
     107
     133
     129
     108
     104
     113
     100
      95
     100
     103
      93
      82
      67
      73
      68
      83
      63
      64
      58
      49
      53
      43
      57
      44
      56
      48
      46
      54
      40
      41
      42
      30
      51
      43
      45
      38
      37
      52
      51
      34
      47
      27
      31
      50
      34
      36
      49
      33
      38
      51
      39
      40
      51
      31
      48
      32
      37
      32
      45
      37
      39
      28
      33
      40
      35
      34
      30
      28
      26
      36
      34
      39
      34
      32
      35
      45
      36
      35
      39
      43
      31
      27
      42
      41
      37
      44
      38
      31
      34
      34
      35
      31
      30
      29
      35
      28
      52
      40
      39
      36
      37
      35
      38
      43
      35
      31
      37
      33
      38
      36
      28
      32
      33
      34
      36
      30
      33
      30
      30
      35
      37
      39
      39
      31
      31
      32
      42
      27
      27
      40
      17
      29
      29
      27
      31
      40
      28
      34
      34
      29
      32
      30
      28
      28
      36
      31
      27
      39
      27
      27
      29
      36
      30
      34
      39
      39
      25
      27
      32
      43
      30
      24
      37
      31
      21
      25
      39
      31
      26
      34
      31
      33
      32
      29
      27
      33
      27
      36
      25
      27
      29
      28
      30
      28
      28
      32
      31
      33
      34
      40
      36
      24
      28
      27
      35
      30
      32
      40
      31
      33
      26
      27
      42
      39
      32
      28
      28
      28
      38
      22
      19
      24
      26
      25
      27
      29
      27
      30
      32
      23
      29
      23
      26
      23
      27
      31
      27
      38
      31
      22
      33
      33
      25
      25
      24
      32
      27
      24
      21
      29
      26
      21
      25
      29
      31
      21
      32
      31
      24
      21
      22
      23
      30
      18
      32
      25
      30
      15
      28
      28
      29
      21
      24
      26
      26
      36
      17
      27
      16
      21
      30
      24
      21
      21
      33
      24
      31
      22
      32
      22
      35
      25
      23
      22
      24
      24
      20
      24
      23
      14
      25
      17
      28
      22
      26
      27
      22
      21
      17
      25
      18
      18
      27
      20
      26
      23
      23
      22
      21
       9
      10
      30
      16
      18
      20
      22
      23
      18
      18
      26
      21
      23
      14
      15
      21
      16
      23
      15
      14
      17
      15
      28
      25
      18
      19
      24
      19
      16
      18
      18
      16
      14
      20
      14
      16
      25
      19
      15
      19
      23
      17
      17
      23
      17
      17
      21
      27
      22
      25
      21
      12
      29
      16
      21
      12
      20
      17
      18
      21
      16
      17
      26
      11
      24
      14
      23
      14
      19
      16
      20
      23
      13
      16
      16
      22
      15
      23
      28
       9
      25
      27
      22
      11
      23
      14
      21
      25
      16
      17
      15
      13
      19
      22
      15
      13
      21
      12
      19
      18
      22
      16
      21
      20
      24
      16
      24
      26
      15
      21
      22
      24
      19
      28
      15
      23
      22
      19
      10
      19
      22
      24
      19
      15
      22
      24
      19
      15
      12
      22
      13
      20
      16
      12
      13
      13
      20
      17
      12
      17
       8
      19
      13
      11
      13
      13
      10
       5
      10
      11
      12
       6
      16
      11
      10
       5
       6
       3
       6
       7
       7
       9
       7
       7
       5
       5
      10
       8
       5
       6
      11
       6
       7
       6
       8
       3
       4
      11
       6
       3
       4
       4
       8
       2
       4
       5
       4
       7
       4
       3
      10
       5
       2
       2
       8
       7
       5
       6
       3
       5
       1
       5
       3
       5
       1
       7
       5
       3
       4
       4
       6
       4
       3
       4
       3
       7
       4
       2
       9
       3
       2
       6
       3
       2
       4
       6
       4
       7
       2
       3
       7
       5
       6
       5
       4
       5
       6
       5
       5
       4
       7
       5
       5
       1
       2
       4
       3
       2
       2
       6
       7
       6
       4
       8
       2
       5
       8
       3
       2
       2
       6
       2
       1
       5
       4
       3
       5
       2
       2
       3
       2
       7
       3
       5
       5
       2
       4
       3
       4
       3
       6
       3
       2
       2
       5
       4
       6
       5
       6
       2
       4
       5
       4
       6
       5
       2
       2
       5
       6
       6
       3
       3
       2
       5
       3
       2
       6
       4
       5
       3
       7
       5
       5
       4
       8
       6
       4
       1
       1
       1
       6
       7
       3
       4
       3
       3
       0
       5
       3
       4
       2
       5
       3
       4
       1
       3
       0
       3
       1
       3
       3
       6
       3
       6
       3
       3
       2
       0
       5
       4
       1
       3
       3
       0
       2
       5
       2
       1
       4
       1
       2
       1
       1
       6
       3
       1
       0
       1
       1
       2
       4
       1
       3
       4
       1
       2
       2
       0
       1
       1
       5
       3
       2
       2
       0
       2
       0
       0
       1
       1
       1
       1
       2
       1
       1
       3
       1
       3
       0
       1
       4
       4
       3
       0
       2
       3
       2
       1
       1
       4
       1
       3
       1
       3
       1
       2
       1
       0
       1
       3
       2
       2
       2
       0
       1
       1
       1
       0
       1
       1
       0
       2
       1
       2
       1
       2
       2
       3
       1
       0
       1
       0
       0
       1
       1
       1
       3
       3
       0
       2
       0
       1
       4
       2
       1
       1
       0
       1
       1
       2
       0
       1
       1
       2
       0
       2
       2
       1
       1
       2
       1
       0
       1
       1
       1
       4
       2
       2
       1
       2
       0
       4
       0
       1
       1
       2
       0
       1
       1
       2
       1
       0
       3
       1
       1
       2
       0
       2
       0
       0
       1
       2
       2
       0
       2
       2
       0
       3
       1
       0
       1
       2
       0
       1
       1
       0
       2
       1
       0
       0
       0
       0
       1
       0
       1
       2
       2
       0
       0
       0
       2
       1
       0
       2
       1
       0
       2
       0
       2
       1
       0
       2
       0
       2
       1
       0
       0
       1
       2
       0
       1
       0
       0
       1
       2
       1
       1
       2
       1
       1
       1
       1
       0
       0
       1
       0
       0
       0
       1
       1
       0
       2
       0
       1
       1
       0
       0
       0
       0
       0
       0
       0
       1
       0
       2
       0
       0
       1
       1
       0
       0
       2
       0
       3
       1
       1
       0
       0
       1
       0
       0
       0
       2
       2
       0
       1
       0
       0
       0
       0
       0
       1
       0
       1
       1
       0
       0
       1
       0
       0
       0
       0
       1
       0
       1
       0
       0
       1
       0
       0
       0
       0
       0
       0
       1
       1
       0
       0
       0
       0
       0
       1
       1
       0
       0
       0
       0
       0
       0
       1
       1
       0
       0
       1
       0
       1
       1
       0
       0
       0
       0
       2
       1
       0
       0
       0
       0
       1
       0
       0
       0
       0
       2
       0
       2
       0
       1
       0
       2
       1
       0
       0
       1
       0
       1
       1
       0
       0
       0
       0
       0
       0
       0
       1
       0
       0
       0
       0
       1
       0
       0
       0
       0
       0
       0
       0
       0
       0
       0
       0
       0
       0
       0
       0
       0
       0
       0
       0
       1
       0
       0
       0
       0
       0
       0
       0
       0
       0
       0
       0
       0
       0
       0
       0
       0
       0
       0
       1
       0
       0
       0
       1
       0
       0
       0
       0
       0
       0
       0
       0
       0
       0
       0
       0
       0
       0
       0
       0
       0
       0
       0
       0
       0
       0
       0
       0
       0
       0
       1
       0
       0
       0
       0
       0
       0
       0
       0
       0
       0
       0
       0
       0
       0
       0
       0
       0
       0
       0
       0
       0
       0
       0
       0
       0
       0
       0
       0
       0
       0
       0
       0
       0
       0
       0
       0
       0
       0
       0
       0
       0
       0
       0
       0
       0
       0
       0
       0
       0
       0
       0
       0
       1
       0
       0
       0
       0
       0
       0
       0
       0
       0
       0
       0
       0
       0
       0
       0
       0
       0
       0
       0
       0
       0
       0
       0
       0
       0
       0
       0
       0
       0
       0
       0
       0
       0
       0
       0
       0
       0
       0
       0
       0
       0
       0
       0
       0
       0
       0
       0
       0
       0
       0
       0
       0
       0
       0
       0
       0
       0
       0
       0
       0
       0
       0
       0
       0
       0
       0
       0
       0
       0
       0
       0
       0
       0
       0
       0
       0
       0
       0
       0
       0
       1
       0
       0
       0
       0
       0
       0
       0
       0
       0
       0
       0
       0
       0
       0
       0
       0
       0
       0
       0
       0
       0
       0
       0
       0
       0
       0
       0
       0
       0
       0
       0
       0
       1
       0
       0
       0
       0
       0
       0
       0
       0
       0
       0
       0
       0
       0
       0
       0
       0
       0
       0
       0
       0
       0
       0
       0
       0
       0
       0
       0
       0
       0
       0
       0
       0
       0
       0
       0
       0
       0
       0
       1
       0
       0
       0
       0
       0
       0
       0
       0
       0
       0
       0
       0
       0
       0
       0
       0
       0
       0
       0
       0
       0
       0
       0
       0
       0
       0
       0
       0
       0
       0
       0
       0
       1
       0
       0
       0
       0
       0
       0
       0
       0
       0
       0
       0
       0
       0
       0
       0
       0
       0
       0
       0
       0
       0
       0
       0
       0
       0
       0
       1
       0
       0
       0
       0
       0
       0
       0
       0
       0
       0
       0
       0
       0
       0
       0
       0
       0
       0
       0
       0
       0
       0
       0
       0
       0
       0
       0
       0
       0
       0
       0
       0
       0
       0
       0
       0
       0
       0
       0
       0
       0
       0
       0
       0
       0
       0
       0
       0
       0
       0
       0
       0
       0
       0
       0
       0
       0
       0
       0
       0
       0
       0
       0
       0
       0
       0
       0
       0
       0
       0
       0
       0
       0
       0
       0
       0
       0
       0
       0
       0
       0
       0
       0
       0
       0
       0
       0
       0
       0
       0
       0
       0
       0
       0
       0
       0
       0
       0
       0
       0
       0
       0
       0
       0
       0
       0
       0
       0
       0
       0
       0
       0
       0
       0
       0
       0
       0
       0
       0
       0
       0
       0
       0
       0
       0
       1
       0
       0
       0
       0
       0
       0
       0
       0
       0
       0
       0
       0
       0
       0
       0
       0
       0
       0
       0
       0
       0
       0
       0
       0
       0
       0
       0
       0
       0
       0
       0
       0
       0
       0
       0
       0
       0
       0
       0
       0
       0
       0
       0
       0
       0
       0
       0
       0
       0
       0
       0
       0
       0
       0
       0
       0
       0
       0
       0
       0
       0
       0
       0
       0
       0
       0
       0
       0
       0
       0
       0
       0
       0
       0
       0
       0
       0
       0
       0
       0
       0
       0
       0
       0
       0
       0
       0
       0
       0
       0
       0
       0
       0
       0
       0
       0
       0
       0
       0
       0
       0
       0
       0
       0
       0
       0
       0
       0
       0
       0
       0
       0
       0
       0
       0
       0
       0
       0
       0
       0
       0
       0
       0
       0
       0
       0
       0
       0
       0
       0
       0
       0
       0
       0
       0
       0
       0
       0
       0
       0
       0
       0
       0
       0
       0
       0
       0
       0
       0
       0
       0
       0
       0
       0
       0
       0
       0
       0
       0
       0
       0
       0
       0
       0
       0
       0
       0
       0
       0
       0
       0
       0
       0
       0
       0
       0
       0
       0
       0
       0
       0
       0
       0
       0
       0
       0
       0
       0
       0
       0
       0
       0
       0
       0
       0
       0
       0
       0
       0
       0
       0
       0
       0
       0
       0
       0
       0
       0
       0
       0
       0
       0
       0
       0
       0
       0
       0
       0
       0
       0
       0
       0
       0
       0
       0
       0
       0
       0
       0
       0
       0
       0
       0
       0
       0
       0
       0
       0
       0
       0
       0
       0
       0
       0
       0
       0
       0
       0
       0
       0
       0
       0
       0
       0
       0
       0
       0
       0
       0
       0
       0
       0
       0
       0
       0
       0
       0
       0
       0
       0
       0
       0
       0
       0
       0
       0
       0
       0
       0
       0
       0
       0
       0
       0
       0
       0
       0
       0
$ROI:
0
$PRESETS:
None
0
0
$ENER_FIT:
-0.163132 0.241402
$MCA_CAL:
3
-1.631319E-001 2.414016E-001 0.000000E+000 keV
$SHAPE_CAL:
3
3.389885E+001 -6.502870E-003 0.000000E+000
