$SPEC_ID:
Central Velocity Selector Voltage
$SPEC_REM:
DET# 1
DETDESC# JLAB-11 MCB 132
AP# Maestro Version 7.01
$DATE_MEA:
10/17/2018 14:08:49
$MEAS_TIM:
930 936
$DATA:
0 2047
       0
       0
       0
       0
       0
       0
       0
       0
       0
       0
       0
       0
       0
       0
       0
       0
       0
       0
       0
       0
       0
       0
       0
       0
       0
       0
       0
       0
       0
       0
       0
       0
       0
       0
       0
       0
       0
       0
       0
       0
       0
       0
       0
       0
       0
       0
       0
       0
       0
       0
       0
       0
       0
       0
       0
       0
       0
       0
       0
      40
     522
     492
     506
     529
     557
     530
     528
     531
     568
     555
     552
     602
     527
     583
     583
     590
     594
     613
     689
     683
     624
     707
     709
     767
     775
     768
     835
     840
     961
    1030
    1007
    1133
    1178
    1172
    1271
    1401
    1525
    1561
    1651
    1732
    1861
    1806
    1964
    2107
    2125
    2146
    2112
    2224
    2164
    2295
    2243
    2189
    2254
    2107
    2132
    2027
    1952
    1923
    1805
    1719
    1550
    1609
    1469
    1332
    1293
    1241
    1073
    1031
     999
     868
     781
     763
     664
     626
     577
     548
     451
     429
     384
     354
     287
     277
     275
     263
     236
     215
     222
     181
     161
     140
     162
     146
     159
     139
     152
     137
     103
     154
     131
     142
     128
     166
     123
     149
     121
     120
     146
     133
     141
     142
     145
     138
     140
     161
     148
     151
     177
     119
     135
     148
     157
     144
     130
     163
     158
     163
     142
     139
     140
     176
     123
     154
     172
     152
     146
     164
     169
     157
     168
     158
     126
     146
     175
     151
     151
     147
     141
     147
     145
     165
     168
     148
     131
     142
     148
     147
     165
     145
     129
     152
     158
     173
     151
     138
     162
     131
     118
     145
     143
     124
     128
     137
     126
     138
     137
     136
     125
     123
     139
     133
     113
     117
     126
     129
     128
     116
     125
     115
     114
     123
     104
      91
     109
     115
     107
      99
      90
     109
      90
     103
     118
     102
      96
     113
      99
     104
     120
     108
     118
     110
     109
     109
     142
     128
     134
     147
     142
     141
     167
     144
     159
     182
     167
     173
     172
     178
     191
     161
     166
     183
     148
     175
     145
     155
     157
     132
     128
     110
     113
     117
     120
     115
     100
      95
      94
      80
     101
      77
      79
      58
      64
      70
      71
      48
      60
      54
      56
      61
      53
      53
      59
      52
      49
      51
      54
      51
      39
      66
      52
      38
      52
      55
      61
      49
      52
      39
      52
      57
      42
      48
      45
      47
      40
      54
      57
      50
      61
      39
      43
      55
      56
      45
      50
      52
      42
      51
      51
      53
      58
      42
      45
      39
      51
      39
      62
      50
      58
      46
      41
      42
      51
      34
      50
      59
      51
      45
      51
      40
      40
      43
      49
      62
      52
      43
      48
      57
      40
      34
      34
      55
      47
      44
      49
      46
      41
      47
      46
      42
      57
      53
      46
      49
      44
      34
      47
      36
      50
      27
      34
      51
      37
      52
      33
      43
      40
      34
      22
      41
      39
      36
      39
      59
      42
      56
      47
      48
      43
      40
      43
      41
      43
      38
      44
      36
      33
      46
      30
      56
      42
      32
      27
      28
      50
      37
      42
      44
      46
      38
      49
      36
      34
      38
      46
      43
      33
      36
      41
      40
      25
      39
      37
      35
      44
      39
      41
      40
      50
      39
      44
      37
      48
      46
      34
      41
      36
      35
      37
      50
      42
      43
      38
      37
      34
      39
      46
      42
      32
      44
      50
      39
      45
      45
      34
      30
      32
      42
      43
      28
      38
      42
      39
      29
      56
      35
      39
      50
      44
      25
      38
      47
      27
      32
      41
      38
      32
      25
      30
      31
      40
      33
      35
      30
      35
      36
      33
      25
      41
      39
      25
      36
      37
      43
      41
      29
      38
      30
      32
      45
      36
      31
      41
      36
      31
      32
      46
      34
      26
      36
      36
      32
      34
      32
      25
      27
      24
      30
      30
      41
      31
      36
      26
      46
      35
      42
      33
      33
      34
      35
      35
      49
      34
      24
      37
      29
      28
      33
      32
      30
      41
      35
      25
      29
      37
      27
      22
      26
      31
      27
      35
      30
      34
      25
      25
      26
      29
      33
      28
      29
      27
      33
      23
      28
      37
      22
      24
      18
      17
      21
      24
      36
      28
      22
      29
      34
      23
      29
      18
      26
      23
      26
      23
      18
      27
      24
      24
      27
      21
      28
      29
      26
      23
      25
      27
      19
      39
      39
      31
      31
      23
      24
      30
      23
      35
      32
      16
      25
      24
      33
      28
      23
      23
      35
      32
      29
      25
      31
      30
      15
      28
      18
      18
      23
      20
      26
      28
      27
      31
      23
      24
      27
      31
      33
      21
      29
      30
      30
      32
      21
      22
      25
      32
      31
      30
      30
      28
      27
      24
      26
      20
      26
      25
      33
      36
      21
      21
      24
      23
      29
      24
      31
      22
      29
      18
      31
      30
      19
      24
      36
      32
      18
      30
      25
      27
      25
      32
      24
      25
      27
      30
      22
      29
      21
      24
      24
      18
      22
      26
      20
      17
      21
      25
      25
      22
      17
      18
      22
      12
      17
      14
      19
      13
      12
      14
      12
      12
       9
      16
      15
       9
      12
      11
      12
      13
      14
      11
       6
      11
       7
      10
      11
      10
      13
      10
       4
       6
       7
       6
      11
       6
       3
      12
       3
      10
       6
       8
      11
       3
       7
      13
       4
       3
       9
      13
       9
       6
      13
       5
       5
       5
      13
       9
       9
       8
       3
       7
       3
       7
       7
       4
       4
       9
      10
      10
      10
       8
       9
       9
      11
       7
       4
       4
       3
       4
       6
       7
       8
       7
      11
       5
       9
       7
       5
       2
      11
       8
       4
       5
       6
       4
       8
       9
       6
       5
       5
       3
       2
       5
       3
       6
       5
       0
       2
       4
       9
       6
       4
      10
       4
       5
       7
       6
       4
       5
       7
       2
       5
       3
       1
       3
       5
       6
       8
       9
       4
       2
       3
       5
       9
       4
       4
       1
       6
       4
       3
       6
       5
       5
       3
       5
       8
       4
       7
       3
       5
       4
       4
       7
       5
       5
       4
       6
       7
       5
       4
       7
      12
       2
       5
       4
       2
       9
       8
       5
       8
       7
       4
       8
       4
       4
      11
       4
       9
       3
       8
      10
       5
       1
       5
       9
       5
       8
       6
       8
       7
       6
       6
       4
       6
       6
       2
       3
       4
       2
       5
       4
       6
       6
       8
       3
       8
       4
       6
       0
       3
       3
       1
       3
       1
       2
       3
       2
       7
       1
       6
       6
       2
       1
       6
       3
       4
       1
       2
       5
       0
       4
       3
       5
       3
       3
       5
       3
       2
       2
       0
       3
       2
       5
       3
       3
       3
       2
       2
       3
       2
       1
       2
       2
       2
       0
       0
       1
       2
       2
       7
       1
       0
       1
       2
       1
       1
       1
       0
       1
       4
       2
       1
       1
       0
       1
       2
       0
       1
       1
       1
       3
       1
       3
       2
       1
       1
       3
       3
       3
       2
       2
       3
       0
       2
       1
       1
       1
       1
       0
       2
       2
       1
       2
       1
       0
       2
       1
       1
       1
       0
       2
       2
       0
       2
       2
       1
       2
       0
       2
       2
       1
       0
       3
       1
       0
       1
       0
       1
       1
       1
       3
       1
       0
       1
       2
       1
       2
       2
       1
       3
       1
       1
       1
       4
       4
       0
       3
       2
       2
       0
       2
       3
       1
       1
       5
       4
       4
       1
       0
       0
       2
       1
       2
       1
       2
       3
       1
       1
       1
       0
       1
       2
       3
       1
       1
       2
       0
       1
       1
       1
       2
       3
       2
       0
       5
       0
       1
       1
       0
       0
       1
       1
       4
       2
       0
       1
       1
       0
       1
       2
       3
       1
       2
       1
       1
       2
       4
       0
       0
       3
       2
       4
       3
       0
       2
       0
       1
       1
       2
       1
       2
       2
       0
       0
       1
       0
       2
       0
       1
       1
       0
       0
       0
       2
       2
       0
       2
       2
       0
       0
       0
       0
       0
       0
       0
       0
       0
       1
       1
       4
       0
       1
       1
       0
       1
       0
       0
       0
       0
       0
       0
       0
       0
       0
       2
       0
       0
       0
       0
       0
       0
       0
       1
       0
       0
       1
       0
       0
       0
       0
       1
       0
       0
       1
       0
       0
       2
       0
       0
       0
       0
       0
       0
       0
       1
       0
       0
       1
       0
       0
       0
       0
       0
       0
       0
       0
       1
       1
       1
       0
       0
       1
       0
       0
       0
       1
       0
       0
       0
       0
       1
       0
       2
       1
       0
       0
       0
       1
       3
       0
       1
       1
       0
       3
       0
       0
       2
       0
       0
       0
       1
       0
       2
       0
       0
       1
       0
       2
       0
       0
       0
       0
       1
       0
       0
       0
       0
       0
       0
       0
       0
       0
       0
       1
       0
       0
       0
       0
       1
       0
       0
       0
       0
       0
       0
       0
       0
       0
       0
       0
       0
       0
       0
       0
       0
       0
       0
       0
       0
       0
       0
       1
       0
       0
       0
       0
       0
       0
       0
       0
       0
       0
       0
       0
       0
       0
       0
       0
       0
       0
       0
       0
       0
       0
       0
       0
       0
       0
       0
       0
       0
       0
       0
       0
       0
       0
       0
       0
       0
       0
       0
       0
       0
       0
       1
       0
       0
       0
       0
       0
       0
       0
       0
       0
       0
       0
       0
       0
       1
       0
       0
       0
       0
       0
       0
       0
       0
       0
       1
       0
       0
       0
       0
       0
       0
       0
       0
       0
       0
       0
       0
       0
       0
       0
       0
       0
       0
       0
       0
       0
       0
       0
       0
       0
       0
       0
       0
       0
       0
       0
       0
       0
       0
       1
       0
       0
       0
       0
       0
       0
       0
       0
       0
       0
       0
       0
       0
       0
       0
       0
       0
       0
       0
       0
       0
       0
       0
       0
       0
       0
       0
       0
       0
       0
       0
       0
       0
       0
       0
       0
       0
       0
       0
       0
       0
       0
       0
       0
       0
       0
       0
       0
       0
       0
       0
       0
       0
       0
       0
       0
       0
       0
       0
       0
       0
       0
       0
       0
       0
       0
       0
       0
       0
       0
       0
       0
       0
       0
       0
       0
       0
       0
       0
       0
       0
       0
       0
       0
       0
       0
       0
       0
       0
       0
       0
       0
       0
       0
       0
       0
       0
       0
       0
       0
       0
       0
       0
       0
       0
       0
       0
       0
       0
       0
       0
       0
       0
       0
       0
       1
       0
       0
       0
       0
       0
       0
       0
       0
       0
       0
       0
       0
       0
       0
       0
       0
       0
       1
       0
       0
       0
       0
       0
       0
       0
       0
       0
       0
       0
       0
       0
       0
       0
       0
       0
       0
       0
       0
       0
       0
       0
       0
       0
       0
       0
       1
       0
       0
       0
       0
       0
       0
       0
       0
       0
       0
       0
       0
       0
       0
       0
       0
       0
       0
       0
       0
       0
       0
       0
       0
       0
       0
       0
       0
       0
       0
       0
       0
       0
       0
       0
       0
       0
       0
       0
       0
       0
       0
       0
       0
       0
       0
       0
       0
       0
       0
       0
       0
       0
       0
       0
       0
       0
       0
       0
       0
       0
       0
       0
       0
       0
       0
       0
       0
       0
       0
       0
       0
       0
       0
       0
       0
       0
       0
       0
       0
       0
       1
       0
       0
       0
       0
       0
       0
       0
       0
       0
       0
       0
       0
       0
       0
       0
       0
       0
       0
       0
       0
       0
       0
       0
       0
       0
       0
       0
       0
       0
       0
       0
       0
       0
       0
       0
       0
       0
       0
       0
       0
       0
       0
       0
       0
       0
       0
       0
       0
       0
       0
       1
       0
       0
       0
       0
       0
       0
       0
       0
       0
       0
       0
       0
       0
       0
       0
       0
       0
       0
       0
       0
       0
       0
       0
       0
       0
       0
       0
       0
       0
       0
       0
       0
       0
       0
       0
       0
       0
       0
       0
       0
       0
       0
       0
       0
       0
       0
       0
       0
       0
       0
       0
       0
       0
       0
       0
       0
       0
       0
       0
       0
       0
       0
       0
       0
       0
       0
       0
       0
       0
       0
       0
       0
       0
       0
       0
       0
       0
       0
       0
       0
       0
       0
       0
       0
       0
       0
       0
       0
       0
       0
       0
       0
       0
       0
       0
       0
       0
       0
       0
       0
       0
       0
       0
       0
       0
       0
       0
       0
       0
       0
       0
       0
       0
       0
       0
       0
       0
       0
       0
       0
       0
       0
       0
       0
       0
       0
       1
       0
       0
       0
       0
       0
       0
       0
       0
       0
       0
       0
       0
       0
       0
       0
       0
       0
       0
       0
       0
       0
       0
       0
       0
       0
       0
       0
       0
       0
       0
       0
       0
       0
       0
       0
       0
       0
       0
       0
       0
       0
       0
       0
       0
       0
       0
       0
       0
       0
       0
       0
       0
       0
       0
       0
       0
       0
       0
       0
       0
       0
       0
       0
       0
       0
       0
       0
       0
       0
       0
       0
       0
       0
       0
       0
       0
       0
       0
       0
       0
       0
       0
       0
       0
       0
       0
       0
       0
       0
       0
       0
       0
       1
       0
       0
       0
       0
       0
       0
       0
       0
       0
       0
       0
       0
       0
       0
       0
       0
       0
       0
       0
       0
       0
       0
       0
       0
       0
       0
       0
       0
       0
       0
       0
       0
       0
       0
       0
       0
       0
       0
       0
       0
       0
       0
       0
       0
       0
       0
       0
       0
       0
       0
       0
       0
       0
       0
       0
       0
       0
       0
       0
       0
       0
       0
       0
       0
       0
       0
       0
       0
       0
       0
       0
       0
       0
       0
       0
       0
       0
       0
       0
       0
       0
       0
       0
       0
       0
       0
       0
       0
       0
       0
       0
       0
       0
       0
       0
       0
       0
       0
       0
       0
       0
       0
       0
       0
       0
$ROI:
0
$PRESETS:
None
0
0
$ENER_FIT:
-0.163132 0.241402
$MCA_CAL:
3
-1.631319E-001 2.414016E-001 0.000000E+000 keV
$SHAPE_CAL:
3
3.389885E+001 -6.502870E-003 0.000000E+000
