$SPEC_ID:
Central Velocity Selector Voltage
$SPEC_REM:
DET# 1
DETDESC# JLAB-11 MCB 132
AP# Maestro Version 7.01
$DATE_MEA:
10/19/2018 14:10:44
$MEAS_TIM:
891 900
$DATA:
0 2047
       0
       0
       0
       0
       0
       0
       0
       0
       0
       0
       0
       0
       0
       0
       0
       0
       0
       0
       0
       0
       0
       0
       0
       0
       0
       0
       0
       0
       0
       0
       0
       0
       0
       0
       0
       0
       0
       0
       0
       0
       0
       0
       0
       0
       0
       0
       0
       0
       0
       0
       0
       0
       0
       0
       0
       0
       0
       0
       0
      71
    1031
    1009
     941
     882
     789
     761
     707
     736
     694
     632
     636
     642
     671
     610
     629
     626
     632
     637
     660
     656
     681
     693
     683
     683
     787
     753
     803
     856
     854
     890
    1050
    1005
    1108
    1202
    1214
    1391
    1375
    1462
    1672
    1632
    1758
    1785
    1831
    1937
    2022
    2059
    2065
    2088
    2186
    2085
    2163
    2126
    2071
    2046
    1970
    2023
    1892
    1823
    1810
    1683
    1636
    1500
    1355
    1338
    1266
    1154
    1094
    1072
     916
     890
     777
     698
     616
     571
     590
     530
     463
     443
     400
     330
     335
     286
     288
     244
     218
     215
     189
     213
     170
     162
     191
     158
     145
     129
     161
     125
     136
     144
     139
     131
     128
     121
     157
     110
     119
     140
     134
     123
     146
     139
     148
     137
     143
     145
     157
     122
     143
     147
     133
     130
     152
     141
     140
     168
     122
     139
     134
     141
     158
     154
     151
     163
     140
     149
     147
     146
     150
     150
     155
     152
     135
     151
     147
     156
     157
     145
     133
     159
     135
     148
     159
     159
     144
     159
     142
     147
     138
     126
     130
     141
     148
     124
     133
     159
     135
     135
     141
     142
     125
     138
     123
     144
     117
     136
     118
     143
     140
     131
     133
     110
     132
     116
     131
     121
     110
     117
     114
     103
      93
      97
     119
      85
      90
      91
      84
     114
      90
      92
     114
     113
     104
     100
     104
      93
     108
     103
     108
     108
     122
     114
     128
     131
     114
     118
     126
     151
     142
     139
     146
     145
     142
     161
     157
     140
     167
     177
     155
     154
     151
     158
     161
     169
     155
     146
     121
     141
     106
     121
     118
      92
     108
     112
      98
      94
      81
      69
      77
      73
      79
      98
      65
      74
      58
      78
      72
      59
      63
      61
      56
      55
      47
      54
      72
      54
      53
      46
      51
      55
      56
      53
      50
      51
      35
      38
      47
      40
      47
      45
      45
      52
      45
      33
      45
      34
      61
      52
      55
      42
      40
      59
      58
      52
      52
      47
      40
      48
      35
      49
      52
      39
      51
      53
      52
      37
      49
      51
      59
      48
      40
      47
      52
      43
      42
      53
      57
      48
      42
      43
      35
      51
      43
      37
      49
      43
      28
      55
      44
      34
      42
      40
      46
      28
      66
      33
      40
      53
      47
      54
      36
      34
      39
      55
      35
      46
      44
      38
      37
      47
      36
      33
      51
      44
      31
      44
      42
      40
      38
      29
      42
      34
      45
      46
      39
      39
      43
      46
      39
      36
      35
      40
      33
      50
      48
      44
      42
      36
      44
      46
      27
      42
      52
      38
      41
      40
      44
      38
      32
      41
      30
      54
      36
      36
      38
      53
      30
      31
      40
      38
      44
      42
      34
      45
      43
      35
      32
      39
      37
      45
      32
      39
      46
      36
      39
      31
      41
      40
      34
      41
      45
      28
      38
      41
      42
      42
      43
      42
      40
      33
      35
      37
      30
      43
      36
      41
      45
      39
      21
      36
      30
      27
      28
      38
      32
      26
      39
      41
      27
      29
      29
      32
      32
      35
      31
      31
      41
      37
      29
      35
      34
      26
      22
      26
      33
      34
      29
      33
      33
      40
      41
      38
      33
      29
      39
      31
      29
      33
      35
      24
      32
      25
      27
      39
      42
      28
      30
      39
      22
      32
      31
      32
      33
      21
      30
      37
      35
      18
      33
      33
      33
      33
      36
      36
      25
      36
      28
      33
      22
      30
      38
      27
      36
      32
      42
      26
      29
      41
      33
      32
      31
      28
      34
      27
      31
      34
      24
      26
      34
      17
      39
      27
      30
      23
      25
      33
      33
      32
      25
      31
      20
      25
      24
      23
      21
      27
      28
      29
      33
      24
      25
      22
      34
      30
      25
      19
      18
      27
      26
      28
      24
      28
      29
      23
      19
      24
      23
      26
      26
      32
      17
      23
      28
      38
      23
      24
      20
      20
      22
      19
      20
      23
      20
      20
      32
      26
      24
      21
      37
      31
      29
      27
      26
      32
      23
      25
      23
      30
      27
      29
      26
      12
      24
      19
      21
      26
      19
      19
      15
      27
      21
      26
      24
      20
      33
      35
      28
      24
      24
      27
      33
      25
      28
      31
      23
      24
      26
      19
      23
      24
      37
      21
      26
      32
      30
      21
      23
      23
      30
      28
      33
      26
      25
      23
      26
      27
      23
      27
      18
      24
      29
      28
      20
      23
      11
      26
      23
      16
      24
      22
      17
      29
      26
      27
      27
      21
      22
      20
      22
      28
      28
      22
      22
      17
      19
      17
      19
      16
      21
      13
      16
       7
      10
       9
      15
      13
       8
      20
      14
      11
       9
      12
      12
      16
       8
      17
      14
       8
      11
      16
      10
       8
       9
      11
      10
       6
       7
       7
       9
       8
      17
      12
      10
       8
      11
      12
       5
      13
       7
       5
       6
      12
       2
       9
       9
       9
      15
       8
       6
       9
       3
       5
       7
       7
       7
      12
       6
       5
      12
       7
       8
       8
      10
       5
       3
       7
       9
       4
       5
       6
       8
       8
       5
       7
       7
       4
      12
       5
      10
       3
       8
       5
       5
       4
       6
       5
       6
       2
       5
       5
       5
       5
       1
       3
       5
       5
       1
       2
       4
       7
       6
       6
       7
       8
       5
       4
       7
       5
       7
       7
       6
       5
       5
       2
       4
       8
       4
       1
       4
       5
       2
       5
       8
       2
       5
       4
       9
       5
       8
       5
       3
       8
       3
       4
       6
       5
       5
       0
       3
       3
       4
       6
       6
       7
       7
       4
       5
       7
       4
       5
       3
       6
       3
       2
       7
       4
       5
       6
       4
       5
      12
       2
       3
       6
       7
       2
       6
       2
       8
       6
       7
       5
       6
       2
       4
       2
       2
       4
       2
       4
       5
       3
       8
       8
       9
       5
       4
       5
       4
       3
       4
      14
       3
       7
       5
       4
       3
       3
       3
       3
       4
       1
       3
       5
       2
       6
       3
       4
       6
       2
       2
       1
       2
       5
       4
       4
       5
       4
       4
       4
       3
       3
       4
       2
       4
       5
       1
       5
       3
       5
       5
       2
       1
       4
       1
       0
       1
       2
       2
       2
       0
       1
       1
       2
       1
       0
       2
       1
       1
       0
       2
       4
       4
       1
       1
       2
       4
       1
       1
       3
       4
       1
       2
       1
       2
       0
       1
       2
       2
       0
       1
       1
       2
       2
       3
       2
       3
       2
       2
       4
       1
       3
       0
       2
       1
       2
       2
       1
       3
       1
       3
       3
       0
       3
       2
       2
       2
       4
       2
       2
       1
       1
       1
       0
       3
       3
       2
       4
       1
       2
       1
       5
       3
       3
       2
       0
       1
       1
       3
       1
       0
       1
       1
       1
       2
       0
       2
       2
       3
       2
       1
       0
       1
       0
       0
       3
       3
       2
       1
       4
       4
       3
       1
       1
       0
       4
       1
       1
       1
       1
       0
       0
       2
       1
       2
       0
       0
       2
       2
       5
       0
       0
       3
       1
       0
       5
       1
       0
       1
       3
       2
       2
       1
       2
       0
       0
       2
       2
       4
       1
       3
       1
       3
       1
       4
       0
       1
       1
       0
       1
       1
       0
       2
       0
       0
       1
       2
       2
       2
       1
       1
       1
       0
       2
       1
       0
       0
       0
       1
       1
       1
       2
       0
       0
       0
       5
       1
       0
       1
       1
       1
       0
       0
       1
       0
       1
       1
       0
       0
       1
       2
       0
       1
       0
       0
       2
       2
       2
       0
       0
       1
       0
       0
       0
       0
       0
       1
       1
       0
       0
       1
       0
       0
       0
       1
       1
       0
       0
       2
       1
       1
       0
       0
       1
       1
       0
       0
       0
       0
       1
       0
       0
       0
       0
       1
       1
       1
       2
       1
       0
       0
       0
       0
       0
       3
       0
       0
       0
       0
       0
       1
       0
       0
       0
       0
       1
       1
       1
       0
       0
       0
       0
       0
       1
       0
       0
       1
       0
       0
       1
       1
       1
       0
       0
       1
       0
       1
       1
       0
       0
       0
       0
       1
       1
       2
       0
       1
       1
       0
       2
       0
       0
       0
       3
       2
       0
       0
       0
       0
       2
       1
       1
       1
       0
       0
       1
       0
       0
       0
       1
       0
       1
       1
       0
       0
       0
       1
       0
       0
       0
       0
       0
       1
       1
       0
       1
       0
       0
       0
       0
       0
       0
       0
       0
       0
       0
       0
       0
       0
       0
       1
       0
       0
       0
       0
       0
       0
       0
       0
       0
       0
       0
       0
       0
       0
       0
       0
       0
       0
       0
       0
       0
       0
       0
       0
       0
       0
       0
       0
       0
       0
       0
       0
       0
       0
       0
       0
       0
       0
       0
       1
       0
       0
       0
       0
       0
       0
       0
       0
       0
       0
       0
       1
       0
       0
       0
       0
       0
       0
       0
       0
       0
       0
       0
       0
       0
       0
       0
       0
       0
       0
       0
       0
       0
       0
       0
       0
       0
       0
       0
       0
       0
       0
       0
       0
       0
       0
       0
       0
       0
       0
       0
       0
       0
       1
       0
       0
       0
       0
       0
       0
       0
       0
       0
       0
       0
       0
       0
       0
       0
       0
       0
       0
       0
       0
       0
       0
       0
       0
       0
       0
       0
       0
       0
       0
       0
       0
       0
       0
       0
       0
       0
       0
       0
       0
       0
       0
       0
       0
       0
       0
       0
       0
       0
       0
       0
       0
       0
       0
       0
       0
       0
       0
       0
       0
       0
       0
       0
       0
       0
       0
       0
       0
       0
       0
       0
       0
       0
       0
       0
       0
       0
       0
       0
       0
       0
       0
       0
       0
       0
       0
       0
       0
       0
       0
       0
       0
       0
       0
       0
       0
       0
       0
       0
       0
       0
       0
       0
       0
       0
       0
       0
       0
       0
       0
       0
       0
       0
       0
       0
       0
       0
       0
       0
       0
       0
       0
       0
       0
       0
       0
       0
       0
       0
       0
       0
       0
       0
       0
       0
       0
       0
       0
       0
       0
       0
       0
       0
       0
       0
       0
       0
       0
       0
       0
       0
       0
       0
       0
       0
       0
       0
       0
       0
       0
       0
       0
       0
       1
       0
       0
       0
       0
       0
       0
       0
       0
       0
       0
       0
       0
       0
       0
       0
       0
       0
       0
       0
       0
       0
       0
       0
       0
       0
       0
       0
       0
       0
       0
       0
       0
       0
       0
       0
       0
       0
       0
       0
       0
       0
       0
       0
       0
       0
       0
       0
       0
       0
       0
       0
       0
       0
       0
       0
       0
       0
       0
       0
       0
       1
       0
       0
       0
       0
       0
       0
       0
       0
       0
       0
       0
       0
       0
       0
       0
       0
       0
       0
       0
       0
       0
       0
       0
       0
       0
       0
       0
       0
       0
       0
       0
       0
       0
       0
       0
       0
       0
       1
       0
       0
       0
       0
       0
       0
       0
       0
       0
       0
       0
       0
       0
       0
       0
       0
       0
       0
       0
       0
       0
       0
       0
       0
       0
       0
       0
       0
       0
       0
       0
       0
       0
       0
       0
       0
       0
       0
       0
       0
       0
       0
       0
       0
       0
       0
       0
       0
       0
       0
       0
       0
       1
       0
       0
       0
       0
       0
       0
       0
       0
       0
       0
       0
       0
       0
       0
       0
       0
       0
       0
       0
       0
       0
       0
       0
       0
       0
       0
       0
       0
       0
       0
       0
       0
       0
       0
       0
       0
       0
       0
       0
       0
       0
       0
       0
       0
       0
       0
       0
       0
       0
       0
       0
       0
       0
       0
       0
       0
       0
       0
       0
       0
       0
       0
       0
       0
       0
       0
       0
       0
       0
       0
       0
       0
       0
       0
       0
       0
       0
       0
       0
       0
       0
       0
       0
       0
       0
       0
       0
       0
       0
       0
       0
       0
       0
       0
       0
       0
       0
       0
       0
       0
       0
       0
       0
       0
       0
       0
       0
       0
       0
       0
       0
       0
       0
       0
       0
       0
       0
       0
       0
       0
       0
       0
       0
       0
       0
       0
       0
       0
       0
       0
       0
       0
       0
       0
       0
       0
       0
       0
       0
       0
       0
       0
       0
       0
       0
       0
       0
       0
       0
       0
       0
       0
       0
       0
       0
       0
       0
       0
       0
       0
       0
       0
       0
       0
       0
       0
       0
       0
       0
       0
       0
       0
       0
       0
       0
       0
       0
       0
       0
       0
       0
       0
       0
       0
       0
       0
       0
       0
       0
       0
       0
       0
       0
       0
       0
       0
       0
       0
       0
       0
       0
       0
       0
       0
       0
       0
       0
       0
       0
       0
       0
       0
       0
       0
       0
       0
       0
       0
       0
       0
       0
       0
       0
       0
       0
       0
       0
       0
       0
       0
       0
       0
       0
       0
       0
       0
       0
       0
       0
       0
       0
       0
       0
       0
       0
       0
       0
       0
       0
       0
       0
       0
       0
       0
       0
       0
       0
       0
       0
       0
       0
       0
       0
       0
       0
       0
       0
       0
       0
       0
       0
       0
       0
       0
       0
       0
       0
       0
       0
       0
       0
       0
       0
       0
       0
       0
       0
       0
       0
       0
       0
       0
       0
       0
       0
       0
       0
       0
       0
       0
       0
       0
       0
       0
       0
       0
       0
       0
       0
       0
       0
       0
       0
       0
       0
       0
       0
       0
       0
$ROI:
0
$PRESETS:
Real Time
900
0
$ENER_FIT:
-0.163132 0.241402
$MCA_CAL:
3
-1.631319E-001 2.414016E-001 0.000000E+000 keV
$SHAPE_CAL:
3
3.389885E+001 -6.502870E-003 0.000000E+000
