$SPEC_ID:
Central Velocity Selector Voltage
$SPEC_REM:
DET# 1
DETDESC# JLAB-11 MCB 132
AP# Maestro Version 7.01
$DATE_MEA:
10/15/2018 14:25:52
$MEAS_TIM:
297 300
$DATA:
0 2047
       0
       0
       0
       0
       0
       0
       0
       0
       0
       0
       0
       0
       0
       0
       0
       0
       0
       0
       0
       0
       0
       0
       0
       0
       0
       0
       0
       0
       0
       0
       0
       0
       0
       0
       0
       0
       0
       0
       0
       0
       0
       0
       0
       0
       0
       0
       0
       0
       0
       0
       0
       0
       0
       0
       0
       0
       0
       0
       0
      20
     421
     369
     339
     294
     295
     313
     258
     250
     258
     231
     214
     230
     213
     225
     202
     196
     209
     213
     214
     240
     229
     251
     234
     238
     237
     240
     267
     300
     348
     334
     345
     361
     376
     377
     405
     408
     491
     485
     484
     547
     493
     562
     562
     597
     626
     631
     640
     647
     613
     601
     653
     621
     591
     618
     591
     552
     555
     570
     561
     524
     481
     468
     455
     384
     349
     369
     348
     304
     307
     294
     243
     215
     212
     180
     185
     167
     159
     134
     136
     109
     102
     109
      86
      89
      84
      73
      74
      81
      81
      62
      57
      46
      37
      55
      50
      57
      57
      55
      36
      58
      46
      42
      53
      47
      36
      36
      54
      54
      49
      41
      26
      38
      41
      46
      54
      44
      39
      41
      48
      49
      58
      39
      44
      49
      39
      42
      43
      59
      42
      45
      45
      53
      49
      44
      50
      43
      49
      39
      43
      46
      58
      47
      48
      54
      45
      36
      45
      49
      45
      41
      46
      52
      41
      52
      33
      51
      57
      35
      49
      52
      50
      44
      53
      53
      37
      41
      32
      44
      34
      45
      31
      49
      44
      39
      31
      42
      40
      37
      44
      41
      36
      37
      44
      36
      29
      35
      41
      32
      40
      37
      40
      25
      37
      34
      36
      22
      26
      22
      28
      35
      31
      34
      31
      23
      31
      43
      36
      28
      36
      40
      46
      43
      44
      48
      45
      43
      44
      49
      40
      51
      46
      45
      58
      51
      56
      58
      45
      38
      46
      47
      45
      34
      37
      48
      38
      37
      39
      25
      29
      33
      37
      36
      36
      32
      25
      27
      28
      26
      24
      25
      28
      20
      29
      21
      23
      13
      14
      11
      15
      17
      15
      14
      22
      17
      14
      13
      15
      10
      21
      15
      21
      36
      17
      19
      14
      21
      10
      18
      19
      10
      18
      12
      14
      14
      15
      18
      24
      16
      13
      22
      13
      20
      14
       9
      14
      18
       9
      14
      12
      14
      15
      18
      14
      16
       8
      11
      15
      13
      18
      12
      18
      15
      12
      12
      15
      11
      20
      17
      20
      15
      20
      13
      20
      13
      14
      14
      15
      15
      10
      22
      10
      13
      11
      11
      17
       9
      17
      14
      11
      17
      17
      12
       9
      16
      14
      16
      15
      15
       8
       9
      11
      14
      13
      14
      11
      11
      18
      15
       9
      16
      12
      16
      13
      18
      14
      10
      19
      13
      12
      14
      11
      12
      11
       8
      22
      15
      11
      15
      11
      22
      13
      11
       9
      10
       7
       5
       9
      12
       4
      15
      10
       5
      15
      14
      10
      10
       9
      13
       4
       8
      13
      16
      12
      20
      14
      19
       6
      13
      12
      11
      15
       8
      13
      12
       8
      12
      15
      15
       9
      13
       6
       8
      11
       9
       9
      13
      13
       8
      11
       8
      16
      13
      15
       9
      12
      11
      13
      18
      13
      20
      14
      10
      13
      14
       6
      13
      11
      15
       4
      12
       9
      12
       5
       6
      10
      10
      12
      20
       5
      11
      18
      18
      13
      14
      13
      14
      12
       7
      10
       6
       4
      12
      13
      15
      14
      13
      12
      12
      11
      11
       7
      13
      11
      15
      13
      12
      10
       8
      13
       5
       9
      10
       8
      10
      13
      13
      12
       9
       9
      13
      10
      13
       8
      12
      14
      14
       4
       6
      10
       7
      10
      14
       9
       8
       5
       7
       9
      11
       8
       8
      11
      11
       7
      11
      12
      14
      13
       7
      14
      10
      16
      11
       5
       6
       8
       9
      11
      12
       8
       4
       6
       5
      17
      10
       9
      13
       9
       8
       6
      14
       9
      10
      10
       7
       7
       9
       9
      11
       6
       9
       6
       6
       6
       7
       4
       7
       6
      15
       7
       9
      10
       9
      12
      12
       8
      11
       8
       8
      13
      12
      15
       6
       6
       6
      10
       5
      10
      13
       3
       7
       9
       9
      11
       4
      11
      16
       6
       5
       7
       9
       7
       8
       2
      10
       9
       5
       5
       9
       5
      12
       7
       4
      12
       6
       9
       9
       4
      10
       7
       3
       3
       9
       5
       3
       7
       8
       8
       8
       9
      10
      10
       4
      13
       6
      13
       8
       7
       4
      10
      11
      11
       7
       9
       6
       7
      13
       6
       7
       8
       9
       7
       5
       8
       9
       7
       6
      11
      10
       7
       5
       4
       5
      11
       5
       4
       5
      10
       7
       7
       4
      10
       8
       9
       2
       3
       4
       6
       7
       5
       3
       8
       3
       5
       2
       8
       3
       5
      10
       5
       9
       0
       3
       6
       2
       1
       2
       5
       3
       3
       2
       3
       5
       6
       1
       3
       1
       3
       1
       3
       4
       0
       4
       2
       4
       2
       1
       4
       5
       7
       1
       0
       3
       3
       0
       3
       2
       1
       2
       4
       2
       2
       0
       4
       2
       5
       2
       2
       2
       0
       4
       0
       5
       4
       2
       0
       0
       4
       2
       0
       3
       1
       3
       3
       2
       0
       2
       1
       0
       0
       0
       3
       3
       3
       2
       1
       1
       3
       4
       4
       0
       0
       0
       1
       0
       4
       3
       3
       0
       1
       4
       0
       2
       4
       2
       2
       3
       4
       1
       1
       2
       4
       1
       0
       3
       1
       0
       2
       4
       2
       2
       0
       1
       2
       1
       1
       0
       3
       2
       3
       2
       0
       2
       2
       1
       1
       2
       1
       0
       2
       2
       2
       2
       1
       3
       2
       1
       2
       2
       2
       1
       2
       4
       2
       5
       3
       2
       4
       2
       0
       1
       1
       0
       1
       1
       3
       4
       2
       2
       0
       2
       0
       1
       1
       0
       1
       0
       2
       1
       3
       2
       0
       2
       1
       2
       1
       2
       1
       0
       2
       2
       2
       2
       2
       1
       2
       1
       1
       2
       0
       4
       1
       1
       0
       0
       4
       0
       3
       0
       1
       0
       2
       1
       0
       0
       2
       1
       3
       0
       2
       3
       2
       1
       0
       1
       1
       0
       1
       4
       0
       0
       1
       1
       2
       0
       0
       1
       2
       0
       0
       1
       0
       0
       1
       1
       0
       0
       0
       0
       1
       0
       0
       0
       0
       2
       0
       0
       0
       1
       1
       0
       2
       2
       0
       0
       0
       1
       1
       1
       0
       0
       0
       1
       1
       0
       0
       0
       0
       1
       0
       2
       0
       0
       1
       0
       0
       1
       0
       0
       1
       0
       1
       0
       0
       1
       0
       1
       1
       1
       0
       1
       0
       0
       0
       1
       0
       0
       1
       0
       1
       0
       0
       1
       1
       0
       1
       3
       0
       0
       0
       0
       0
       0
       0
       1
       0
       0
       0
       1
       1
       0
       0
       1
       0
       0
       1
       1
       0
       0
       0
       0
       0
       0
       1
       0
       1
       0
       0
       1
       0
       1
       1
       0
       0
       1
       1
       1
       1
       1
       1
       1
       0
       0
       2
       1
       0
       0
       0
       2
       0
       0
       0
       2
       1
       0
       1
       0
       0
       0
       2
       2
       1
       0
       0
       0
       1
       0
       0
       0
       0
       0
       0
       0
       0
       0
       0
       0
       1
       0
       0
       0
       0
       0
       0
       0
       3
       0
       1
       1
       0
       0
       0
       0
       0
       2
       0
       0
       0
       1
       0
       0
       0
       0
       1
       1
       0
       0
       1
       0
       0
       0
       0
       0
       0
       0
       0
       0
       0
       1
       0
       0
       1
       0
       0
       0
       0
       0
       0
       0
       1
       0
       0
       0
       0
       0
       0
       2
       0
       0
       0
       0
       0
       1
       0
       0
       0
       0
       0
       0
       0
       0
       0
       0
       0
       0
       1
       0
       0
       0
       1
       0
       0
       0
       0
       0
       0
       0
       0
       0
       0
       0
       0
       0
       0
       0
       0
       0
       0
       0
       0
       0
       0
       0
       1
       0
       1
       0
       0
       0
       0
       0
       1
       1
       0
       1
       0
       0
       0
       0
       0
       0
       0
       1
       1
       0
       0
       0
       1
       0
       0
       0
       0
       0
       0
       0
       0
       0
       0
       0
       0
       0
       0
       0
       0
       0
       1
       0
       0
       0
       0
       0
       0
       0
       0
       0
       0
       0
       0
       0
       0
       0
       0
       0
       0
       0
       0
       0
       0
       0
       0
       0
       0
       0
       0
       0
       0
       0
       0
       0
       0
       0
       0
       0
       0
       0
       0
       0
       0
       0
       0
       0
       0
       0
       0
       0
       0
       0
       0
       0
       0
       0
       0
       0
       0
       0
       0
       0
       0
       0
       0
       0
       0
       0
       0
       0
       0
       0
       0
       0
       0
       0
       0
       0
       0
       0
       0
       0
       0
       0
       0
       0
       0
       0
       0
       0
       0
       0
       0
       0
       0
       0
       0
       0
       0
       0
       0
       1
       0
       0
       0
       0
       0
       0
       0
       0
       0
       0
       0
       0
       0
       0
       0
       0
       0
       0
       0
       0
       0
       0
       0
       0
       0
       0
       0
       0
       0
       0
       0
       0
       0
       0
       0
       0
       0
       0
       0
       0
       0
       0
       0
       0
       0
       0
       0
       0
       0
       0
       0
       0
       0
       0
       0
       0
       0
       0
       0
       0
       0
       0
       0
       0
       0
       0
       0
       0
       0
       0
       0
       0
       0
       0
       0
       0
       0
       0
       0
       0
       0
       0
       0
       0
       0
       0
       0
       0
       0
       0
       0
       0
       0
       0
       0
       0
       0
       0
       0
       0
       0
       0
       0
       0
       0
       0
       0
       0
       0
       0
       0
       0
       0
       0
       0
       0
       0
       0
       0
       0
       0
       0
       0
       0
       0
       0
       0
       0
       0
       0
       0
       0
       0
       0
       0
       0
       0
       0
       0
       0
       0
       0
       0
       0
       0
       0
       0
       0
       0
       0
       0
       0
       0
       0
       0
       0
       0
       0
       0
       0
       0
       0
       0
       0
       0
       0
       0
       0
       0
       0
       0
       0
       0
       0
       0
       0
       0
       0
       0
       0
       0
       0
       0
       0
       0
       0
       0
       0
       0
       0
       0
       0
       0
       0
       0
       0
       0
       0
       0
       0
       0
       0
       0
       0
       0
       0
       0
       0
       0
       0
       0
       0
       0
       0
       0
       0
       0
       0
       0
       0
       0
       0
       0
       0
       0
       0
       0
       0
       0
       0
       0
       0
       0
       0
       0
       0
       0
       0
       0
       0
       0
       0
       0
       0
       0
       0
       0
       0
       0
       0
       0
       0
       0
       0
       0
       0
       0
       0
       0
       0
       0
       0
       0
       0
       0
       0
       0
       0
       0
       0
       0
       0
       0
       0
       0
       0
       0
       0
       0
       0
       0
       0
       0
       0
       0
       0
       0
       0
       0
       0
       0
       0
       0
       0
       0
       0
       0
       0
       0
       0
       0
       0
       0
       0
       0
       0
       0
       0
       0
       0
       0
       0
       0
       0
       0
       0
       0
       0
       0
       0
       0
       0
       0
       0
       0
       0
       0
       0
       0
       0
       0
       0
       0
       0
       0
       0
       0
       0
       0
       0
       0
       0
       0
       0
       0
       0
       0
       0
       0
       0
       0
       0
       0
       0
       0
       0
       0
       0
       0
       0
       0
       0
       0
       0
       0
       0
       0
       0
       0
       0
       0
       0
       0
       0
       0
       0
       0
       0
       0
       0
       0
       0
       0
       0
       0
       1
       0
       0
       0
       0
       0
       0
       0
       0
       0
       0
       0
       0
       0
       0
       0
       0
       0
       0
       0
       0
       0
       0
       0
       0
       0
       0
       0
       0
       0
       0
       0
       0
       0
       0
       0
       0
       0
       0
       0
       0
       0
       0
       0
       0
       0
       0
       0
       0
       0
       0
       0
       0
       0
       0
       0
       0
       0
       0
       0
       0
       0
       0
       0
       0
       0
       0
       0
       0
       0
       0
       0
       0
       0
       0
       0
       0
       0
       0
       0
       0
       0
       0
       0
       0
       0
       0
       0
       0
       0
       0
       0
       0
       0
       0
       0
       0
       0
       0
       0
       0
       0
       0
       0
       0
       0
       0
       0
       0
       0
       0
       0
       0
       0
       0
       0
       0
       0
       0
       0
       0
       0
       0
       0
       0
       0
       0
       0
       0
       0
       0
       0
       0
       0
       0
       0
       0
       0
       0
       0
       0
       0
       0
       0
       0
       0
       0
       0
       0
       0
       0
       0
       0
       0
       0
       0
       0
       0
       0
       0
       0
       0
       0
       0
       0
       0
       0
       0
       0
       0
       0
       0
       0
       0
       0
       0
       0
       0
       0
       0
       0
       0
       0
       0
       0
       0
       0
       0
       0
       0
       0
       0
       0
       0
       0
       0
       0
       0
       0
       0
       0
       0
       0
       0
       0
       0
       0
       0
       0
       0
       0
       0
       0
       0
       0
       0
       0
       0
       0
       0
       0
       0
       0
       0
       0
       0
       0
       0
       0
       0
       0
       0
       0
       0
       0
       0
       0
       0
       0
       0
       0
       0
       0
       0
       0
       0
       0
       0
       0
       0
       0
       0
       0
       0
       0
       0
       0
       0
       0
       0
       0
       0
       0
       0
       0
       0
       0
       0
       0
       0
       0
       0
       0
       0
       0
       0
       0
$ROI:
0
$PRESETS:
None
0
0
$ENER_FIT:
-0.163132 0.241402
$MCA_CAL:
3
-1.631319E-001 2.414016E-001 0.000000E+000 keV
$SHAPE_CAL:
3
3.389885E+001 -6.502870E-003 0.000000E+000
