$SPEC_ID:
Central Velocity Selector Voltage
$SPEC_REM:
DET# 1
DETDESC# JLAB-11 MCB 132
AP# Maestro Version 7.01
$DATE_MEA:
10/22/2018 14:06:56
$MEAS_TIM:
893 900
$DATA:
0 2047
       0
       0
       0
       0
       0
       0
       0
       0
       0
       0
       0
       0
       0
       0
       0
       0
       0
       0
       0
       0
       0
       0
       0
       0
       0
       0
       0
       0
       0
       0
       0
       0
       0
       0
       0
       0
       0
       0
       0
       0
       0
       0
       0
       0
       0
       0
       0
       0
       0
       0
       0
       0
       0
       0
       0
       0
       0
       0
       0
      41
     502
     515
     515
     479
     510
     489
     537
     521
     493
     524
     528
     528
     524
     550
     564
     562
     546
     569
     614
     598
     638
     669
     675
     710
     730
     770
     794
     889
     904
     967
     956
    1085
    1079
    1175
    1266
    1283
    1400
    1374
    1483
    1568
    1648
    1658
    1774
    1907
    1852
    1909
    1977
    1935
    1971
    2052
    2056
    1959
    1952
    1941
    1914
    1782
    1679
    1745
    1626
    1574
    1447
    1408
    1304
    1266
    1142
    1125
     981
     946
     845
     782
     731
     674
     601
     542
     548
     536
     413
     420
     380
     318
     310
     302
     276
     231
     200
     198
     204
     178
     151
     141
     155
     156
     147
     131
     131
     138
     121
     132
     122
      98
     114
     119
     116
     106
     121
     125
     113
     145
     132
     114
     118
     143
     135
     130
     142
     119
     120
     152
     135
     121
     144
     146
     133
     135
     136
     149
     144
     161
     152
     153
     130
     147
     152
     123
     159
     132
     130
     145
     116
     125
     142
     148
     139
     121
     142
     140
     137
     138
     137
     150
     139
     137
     125
     107
     138
     151
     139
     150
     149
     129
     120
     123
     133
     143
     136
     147
     133
     131
     124
     115
     126
     121
     116
     123
     114
     115
     122
     145
     123
     110
     107
     111
     104
     102
     114
     112
     112
     109
      96
     113
     118
      99
     109
      98
     103
      90
      99
      93
      94
      83
      86
      97
      69
     110
      84
      96
      96
     115
     114
     108
     130
     118
     108
     103
     132
     138
     134
     140
     162
     152
     148
     144
     161
     164
     195
     192
     174
     144
     141
     135
     141
     157
     121
     114
     111
     129
     112
     125
     115
      90
      89
      84
     107
      99
      80
      95
      69
      73
      63
      76
      71
      60
      55
      64
      52
      51
      49
      64
      50
      55
      44
      66
      69
      45
      55
      39
      36
      38
      56
      48
      56
      32
      52
      45
      47
      54
      47
      49
      49
      52
      48
      42
      43
      42
      45
      59
      43
      37
      52
      43
      48
      36
      55
      36
      51
      48
      52
      47
      34
      48
      42
      41
      51
      47
      36
      42
      42
      32
      59
      37
      52
      51
      46
      50
      37
      48
      47
      44
      40
      43
      55
      48
      36
      47
      33
      39
      34
      47
      52
      38
      40
      40
      37
      46
      39
      47
      46
      34
      43
      55
      33
      40
      47
      46
      38
      40
      41
      32
      40
      33
      45
      31
      42
      33
      44
      46
      36
      39
      38
      33
      48
      35
      26
      38
      35
      38
      37
      35
      48
      38
      48
      43
      27
      38
      34
      43
      34
      33
      53
      53
      29
      43
      41
      30
      40
      47
      51
      37
      40
      50
      32
      40
      41
      32
      46
      29
      28
      28
      25
      37
      36
      28
      30
      33
      43
      34
      32
      34
      36
      47
      38
      41
      41
      31
      31
      41
      30
      37
      33
      36
      41
      38
      29
      38
      42
      36
      37
      25
      28
      41
      37
      37
      27
      36
      25
      42
      40
      27
      34
      43
      39
      44
      40
      38
      35
      42
      33
      30
      26
      31
      38
      31
      31
      32
      40
      35
      36
      42
      33
      39
      28
      21
      25
      44
      36
      44
      35
      47
      25
      33
      32
      26
      32
      31
      27
      25
      29
      27
      31
      33
      29
      28
      22
      31
      29
      28
      26
      34
      30
      27
      23
      29
      37
      24
      30
      30
      31
      32
      40
      32
      38
      28
      24
      30
      29
      28
      32
      26
      27
      27
      28
      28
      33
      31
      27
      27
      31
      34
      20
      23
      32
      23
      30
      19
      30
      29
      23
      33
      32
      33
      22
      18
      31
      23
      20
      20
      24
      18
      22
      34
      36
      22
      26
      25
      20
      19
      17
      31
      19
      35
      23
      26
      20
      23
      27
      21
      26
      21
      17
      14
      23
      29
      28
      23
      19
      17
      23
      25
      29
      25
      23
      33
      23
      22
      27
      22
      30
      22
      26
      27
      28
      30
      27
      32
      26
      22
      22
      25
      21
      17
      25
      23
      26
      26
      21
      23
      26
      31
      18
      21
      23
      25
      36
      29
      12
      23
      22
      17
      22
      23
      29
      20
      24
      27
      25
      24
      20
      30
      23
      28
      29
      27
      19
      23
      26
      21
      32
      18
      20
      25
      23
      23
      20
      21
      18
      22
      25
      27
      23
      24
      19
      23
      34
      21
      31
      24
      30
      17
      20
      36
      15
      18
      27
      33
      22
      20
      21
      19
      29
      23
      19
      20
      19
      27
      26
      30
      15
      21
      22
      17
      25
      17
       6
      11
      16
      28
      11
      31
      13
      12
      19
      15
       6
      12
      14
      10
      10
       9
      13
      17
      12
       6
       8
       7
      12
      14
       5
       9
       7
       8
       7
      10
      13
       4
      13
      16
       9
       3
      12
      12
       7
       9
       5
       4
       6
       6
      10
       5
      11
       8
      11
       8
       9
       7
       9
       7
       6
       5
       9
       7
       6
       9
       3
       9
       6
       7
       6
       5
       8
       3
       9
       8
      14
       5
       5
       7
       6
       8
       5
       3
       4
       7
       5
       7
       7
       9
       3
       7
       6
       7
       3
       5
       5
       4
       6
       5
       1
       3
       2
       8
       4
       4
       8
       2
       5
       3
      10
       9
       7
       8
       6
       5
       2
       7
      10
       5
       3
       4
       5
       5
       1
       3
       2
       5
       6
       5
       5
       5
       5
       5
       4
       4
       5
       3
       4
       5
      11
       5
       6
       6
       2
       4
       5
       7
       2
       7
       4
       5
       6
       5
       6
       5
       8
       3
       3
       2
       9
       4
       3
       6
       4
       3
       4
       2
       6
       3
       3
       2
       6
       4
       6
       5
       7
       7
       7
       4
       5
       6
       3
       0
      11
       9
       4
       7
       2
       2
       1
       6
       8
       8
       4
       4
       3
       3
       3
       4
       6
       8
       6
       6
       4
       5
       3
       4
       2
       3
       5
       3
       5
       7
       3
       5
      10
       4
       4
       4
       3
       4
       5
       3
       5
       4
       3
       2
       3
       3
       2
       1
       4
       2
       3
       1
       1
       1
       3
       0
       4
       1
       2
       3
       3
       3
       3
       1
       5
       0
       4
       2
       3
       2
       4
       1
       1
       0
       1
       2
       2
       2
       0
       3
       3
       2
       1
       0
       2
       4
       1
       2
       3
       2
       0
       2
       0
       3
       2
       4
       1
       3
       2
       1
       1
       4
       2
       0
       0
       1
       0
       2
       1
       1
       1
       2
       0
       0
       1
       3
       1
       3
       2
       1
       0
       0
       1
       2
       1
       3
       0
       1
       3
       1
       0
       2
       1
       1
       2
       3
       1
       3
       4
       1
       1
       2
       1
       3
       0
       0
       3
       3
       1
       1
       2
       0
       0
       1
       0
       3
       1
       4
       4
       0
       1
       0
       0
       3
       2
       1
       1
       1
       3
       4
       1
       2
       1
       3
       2
       0
       0
       2
       1
       2
       0
       1
       1
       0
       1
       0
       3
       3
       0
       0
       0
       0
       0
       1
       3
       0
       3
       2
       3
       0
       0
       0
       0
       1
       1
       1
       1
       0
       1
       2
       0
       0
       1
       1
       0
       1
       1
       1
       0
       3
       2
       0
       1
       1
       3
       0
       3
       4
       0
       0
       0
       1
       1
       1
       0
       0
       1
       0
       1
       0
       1
       2
       0
       1
       0
       0
       4
       2
       0
       2
       0
       1
       0
       1
       3
       0
       1
       0
       2
       3
       1
       0
       1
       0
       0
       1
       1
       0
       1
       2
       1
       1
       1
       1
       1
       1
       1
       0
       0
       1
       0
       0
       0
       0
       1
       0
       1
       1
       0
       0
       0
       0
       0
       0
       2
       0
       0
       0
       1
       1
       1
       0
       1
       0
       0
       0
       0
       0
       0
       0
       0
       1
       1
       0
       0
       1
       1
       0
       0
       0
       0
       0
       0
       0
       0
       0
       0
       0
       0
       0
       0
       0
       1
       0
       2
       0
       0
       1
       0
       0
       0
       1
       2
       0
       1
       0
       0
       1
       1
       1
       0
       1
       2
       1
       2
       2
       0
       0
       1
       2
       0
       0
       0
       3
       0
       3
       0
       0
       0
       0
       1
       0
       0
       0
       0
       0
       0
       0
       1
       0
       0
       0
       0
       0
       0
       0
       0
       0
       0
       0
       0
       0
       0
       1
       0
       0
       0
       1
       0
       0
       0
       0
       0
       0
       0
       0
       0
       0
       0
       0
       0
       0
       0
       0
       0
       0
       0
       0
       0
       0
       0
       0
       0
       0
       0
       0
       0
       0
       0
       0
       0
       0
       0
       0
       0
       0
       0
       0
       1
       0
       0
       0
       1
       0
       0
       0
       0
       0
       0
       0
       0
       0
       0
       0
       0
       0
       0
       0
       0
       0
       0
       0
       0
       0
       0
       0
       0
       0
       1
       1
       0
       0
       0
       0
       0
       0
       0
       0
       0
       0
       0
       0
       0
       0
       0
       0
       0
       0
       0
       0
       0
       0
       0
       0
       0
       0
       0
       0
       0
       0
       0
       0
       0
       0
       0
       0
       0
       0
       0
       0
       0
       0
       0
       0
       0
       0
       0
       0
       0
       0
       0
       0
       0
       0
       0
       0
       0
       0
       0
       0
       0
       0
       0
       0
       0
       0
       0
       0
       0
       0
       0
       0
       0
       0
       0
       0
       0
       0
       0
       0
       0
       0
       0
       0
       0
       0
       0
       0
       0
       0
       0
       0
       0
       0
       0
       0
       0
       0
       0
       0
       0
       0
       0
       0
       0
       0
       0
       0
       0
       0
       0
       0
       0
       0
       0
       0
       0
       0
       0
       0
       0
       0
       0
       0
       0
       0
       0
       0
       0
       0
       0
       0
       0
       0
       0
       0
       0
       0
       0
       0
       0
       0
       0
       0
       0
       0
       0
       0
       0
       0
       0
       0
       0
       0
       0
       0
       0
       0
       0
       0
       0
       0
       0
       0
       0
       0
       0
       0
       0
       0
       0
       0
       0
       0
       0
       0
       0
       0
       0
       0
       0
       0
       0
       0
       0
       0
       0
       0
       0
       0
       0
       0
       0
       0
       0
       0
       0
       0
       0
       0
       0
       0
       0
       0
       0
       0
       0
       0
       0
       0
       1
       0
       0
       0
       0
       0
       0
       0
       0
       0
       0
       0
       0
       0
       0
       0
       1
       0
       0
       0
       0
       0
       0
       0
       0
       0
       0
       0
       0
       0
       0
       0
       0
       0
       0
       0
       0
       0
       0
       0
       0
       0
       0
       0
       0
       0
       0
       0
       0
       0
       0
       0
       0
       0
       0
       0
       0
       0
       0
       0
       0
       0
       0
       0
       0
       0
       0
       0
       0
       0
       0
       0
       0
       1
       0
       0
       0
       0
       0
       0
       0
       0
       0
       0
       0
       0
       0
       0
       0
       0
       0
       0
       0
       0
       0
       0
       0
       0
       0
       0
       0
       0
       0
       0
       0
       0
       0
       0
       0
       0
       0
       0
       0
       0
       0
       0
       0
       0
       0
       0
       0
       0
       0
       0
       0
       0
       0
       0
       0
       0
       0
       0
       0
       0
       0
       0
       0
       0
       0
       0
       0
       1
       0
       0
       0
       0
       0
       0
       0
       0
       0
       0
       0
       0
       0
       0
       0
       0
       0
       0
       0
       0
       0
       0
       0
       0
       0
       0
       0
       0
       0
       0
       0
       0
       0
       0
       1
       0
       0
       0
       0
       0
       0
       0
       0
       0
       0
       0
       0
       0
       0
       0
       0
       0
       0
       0
       0
       0
       0
       0
       0
       0
       0
       0
       0
       0
       0
       0
       0
       0
       0
       1
       0
       0
       0
       0
       0
       0
       0
       0
       0
       0
       0
       0
       0
       0
       0
       0
       0
       0
       0
       0
       0
       0
       0
       0
       0
       0
       0
       0
       0
       0
       0
       0
       0
       0
       0
       0
       0
       0
       0
       0
       0
       0
       0
       0
       0
       0
       0
       0
       0
       0
       0
       0
       0
       0
       0
       0
       0
       0
       0
       0
       0
       0
       0
       0
       0
       0
       0
       0
       0
       0
       0
       0
       0
       0
       0
       0
       0
       0
       0
       0
       0
       0
       0
       0
       0
       0
       0
       0
       0
       0
       0
       0
       0
       0
       0
       0
       0
       0
       0
       0
       0
       0
       0
       0
       0
       0
       0
       0
       0
       0
       0
       0
       0
       0
       0
       0
       0
       0
       0
       0
       0
       0
       0
       0
       0
       0
       0
       0
       0
       0
       0
       0
       0
       0
       0
       0
       0
       0
       0
       0
       0
       0
       0
       0
       0
       0
       0
       0
       0
       0
       0
       0
       0
       0
       0
       0
       0
       0
       0
       0
       0
       0
       0
       0
       0
       0
       0
       0
       0
       0
       0
       0
       0
       0
       0
       0
       0
       0
       0
       0
       0
       0
       0
       0
       0
       0
       0
       0
       0
       0
       0
       0
       0
       0
       0
       0
       0
       0
       0
       0
       0
       0
       0
       0
       0
       0
       0
       0
       0
       0
       0
       0
       0
       0
       0
       0
       0
       0
       0
       0
       0
       0
       0
       0
       0
       0
       0
       0
       0
       0
       0
       0
       0
       0
       0
       0
       0
       0
       0
       0
       0
       0
       0
       0
       0
       0
$ROI:
0
$PRESETS:
Real Time
900
0
$ENER_FIT:
-0.163132 0.241402
$MCA_CAL:
3
-1.631319E-001 2.414016E-001 0.000000E+000 keV
$SHAPE_CAL:
3
3.389885E+001 -6.502870E-003 0.000000E+000
