$SPEC_ID:
No sample description was entered.
$SPEC_REM:
DET# 3
DETDESC# JLAB-18 MCB 131
AP# Maestro Version 7.01
$DATE_MEA:
11/28/2018 14:42:04
$MEAS_TIM:
119 120
$DATA:
0 2047
       0
       0
       0
       0
       0
       0
       0
       0
       0
       0
       0
       0
       0
       0
       0
       0
       0
       0
       0
       0
       0
       0
       0
       0
       0
       0
       0
       0
       0
       0
       0
       0
       0
       0
       0
       0
       0
       0
       0
       0
       0
       0
       0
       0
       0
       0
       0
       0
       0
       0
       0
       0
       0
       0
       0
       0
       0
       0
       0
       0
       0
       0
       0
       0
       0
       0
       0
       0
       0
       0
       0
       0
       0
       0
       0
       0
       0
       0
       0
       0
       0
       0
       0
       0
       0
       0
       0
       0
       0
       0
       0
       0
       0
       0
       0
       0
       0
       0
       0
       0
       0
       1
       2
       1
       0
       0
       0
       1
       0
       1
       3
       1
       1
       1
       5
       1
       0
       0
       0
       1
       2
       0
       2
       0
       2
       0
       0
       3
       1
       1
       1
       1
       0
       1
       0
       1
       1
       3
       2
       0
       1
       1
       2
       0
       2
       2
       0
       1
       0
       2
       1
       0
       2
       0
       1
       0
       0
       1
       0
       2
       0
       2
       0
       2
       0
       1
       0
       0
       1
       0
       1
       0
       0
       0
       1
       1
       1
       1
       1
       1
       0
       0
       0
       0
       0
       1
       0
       0
       1
       1
       0
       1
       0
       1
       1
       0
       0
       0
       0
       3
       0
       0
       0
       1
       1
       1
       2
       2
       1
       1
       2
       0
       3
       1
       1
       2
       0
       1
       0
       1
       0
       1
       0
       2
       0
       0
       0
       0
       1
       0
       1
       0
       2
       0
       1
       1
       0
       2
       0
       0
       0
       2
       0
       1
       0
       2
       0
       1
       3
       1
       0
       2
       2
       0
       1
       1
       3
       0
       0
       0
       1
       1
       0
       0
       2
       0
       0
       0
       0
       1
       1
       1
       0
       0
       0
       1
       0
       1
       2
       0
       0
       0
       0
       0
       0
       0
       0
       1
       0
       0
       0
       0
       0
       0
       0
       0
       3
       0
       0
       0
       1
       1
       1
       0
       0
       0
       1
       0
       2
       1
       0
       0
       0
       0
       0
       0
       0
       0
       2
       0
       0
       3
       2
       0
       0
       2
       0
       0
       0
       1
       2
       0
       0
       0
       1
       2
       0
       0
       0
       0
       0
       2
       1
       2
       0
       1
       0
       0
       1
       0
       1
       0
       0
       1
       1
       0
       0
       1
       0
       2
       0
       1
       0
       0
       1
       0
       0
       1
       0
       0
       0
       2
       0
       0
       0
       1
       1
       0
       1
       1
       0
       1
       0
       2
       0
       1
       0
       1
       0
       2
       1
       0
       0
       1
       1
       1
       1
       0
       0
       0
       0
       0
       0
       0
       0
       0
       1
       0
       1
       0
       0
       1
       0
       1
       1
       0
       1
       0
       0
       1
       1
       0
       0
       0
       3
       0
       0
       0
       1
       1
       0
       0
       1
       0
       0
       1
       1
       0
       1
       0
       1
       0
       0
       1
       2
       0
       0
       1
       2
       0
       0
       0
       0
       2
       1
       0
       0
       1
       1
       0
       0
       2
       0
       1
       0
       0
       2
       0
       0
       0
       1
       1
       0
       1
       0
       0
       0
       0
       0
       0
       0
       0
       0
       2
       0
       0
       0
       0
       0
       0
       0
       0
       0
       0
       0
       0
       0
       0
       0
       0
       1
       0
       1
       0
       1
       2
       0
       0
       0
       1
       0
       0
       0
       0
       0
       0
       0
       2
       0
       0
       0
       0
       0
       0
       1
       0
       0
       0
       1
       0
       0
       0
       0
       0
       0
       1
       1
       0
       0
       0
       0
       1
       1
       0
       2
       0
       0
       0
       0
       1
       0
       0
       0
       0
       2
       0
       0
       0
       0
       1
       1
       0
       2
       0
       1
       1
       0
       0
       0
       1
       0
       0
       0
       1
       2
       0
       0
       1
       0
       0
       0
       2
       0
       1
       0
       0
       0
       0
       1
       0
       0
       1
       3
       0
       0
       0
       0
       2
       0
       0
       0
       0
       0
       1
       0
       0
       1
       1
       0
       0
       0
       0
       0
       1
       0
       1
       0
       0
       1
       0
       0
       0
       1
       0
       2
       1
       0
       0
       0
       1
       0
       1
       0
       0
       0
       1
       1
       1
       0
       0
       0
       0
       0
       0
       1
       0
       0
       1
       0
       0
       0
       0
       0
       0
       0
       0
       0
       0
       1
       1
       0
       1
       0
       0
       0
       0
       1
       0
       0
       0
       1
       0
       0
       0
       0
       0
       0
       0
       0
       0
       0
       0
       1
       1
       0
       0
       1
       1
       0
       3
       0
       0
       1
       1
       0
       0
       2
       2
       1
       0
       0
       0
       0
       0
       0
       1
       0
       0
       0
       3
       0
       1
       0
       0
       0
       1
       0
       0
       1
       0
       1
       0
       1
       2
       0
       0
       0
       1
       0
       0
       0
       1
       0
       0
       0
       0
       2
       0
       0
       0
       0
       0
       0
       2
       1
       0
       0
       1
       1
       1
       0
       0
       0
       0
       0
       1
       3
       1
       0
       0
       0
       1
       2
       0
       0
       0
       0
       1
       0
       0
       0
       0
       0
       0
       1
       0
       0
       0
       1
       0
       0
       1
       2
       1
       0
       0
       0
       0
       1
       1
       0
       0
       0
       0
       3
       1
       0
       1
       0
       2
       0
       0
       0
       0
       0
       0
       1
       0
       0
       0
       0
       1
       1
       0
       0
       1
       1
       0
       0
       0
       2
       0
       0
       0
       0
       2
       0
       1
       0
       0
       0
       0
       0
       0
       0
       0
       0
       0
       1
       0
       1
       0
       0
       1
       0
       0
       1
       1
       0
       1
       0
       0
       0
       0
       0
       0
       0
       0
       0
       0
       1
       1
       0
       1
       0
       1
       1
       0
       1
       0
       0
       0
       0
       0
       1
       1
       1
       0
       0
       0
       0
       0
       0
       0
       1
       2
       0
       0
       1
       0
       1
       2
       0
       0
       0
       1
       0
       0
       2
       0
       0
       0
       2
       0
       1
       1
       0
       1
       0
       0
       0
       0
       0
       0
       3
       0
       0
       1
       1
       2
       0
       0
       0
       0
       0
       0
       0
       1
       1
       1
       1
       0
       2
       0
       1
       1
       1
       1
       0
       0
       2
       1
       0
       0
       0
       0
       0
       1
       0
       1
       0
       1
       0
       1
       0
       1
       1
       1
       0
       1
       1
       0
       1
       1
       2
       0
       0
       1
       0
       0
       0
       2
       1
       0
       0
       1
       3
       3
       1
       0
       1
       0
       0
       0
       0
       0
       1
       1
       0
       1
       0
       1
       1
       0
       0
       0
       0
       0
       0
       1
       0
       0
       2
       2
       1
       1
       1
       0
       1
       0
       2
       3
       0
       1
       0
       1
       1
       1
       1
       1
       1
       0
       0
       1
       0
       0
       1
       1
       1
       1
       0
       1
       0
       0
       1
       0
       1
       1
       1
       1
       0
       0
       1
       0
       2
       0
       0
       1
       1
       1
       2
       0
       2
       1
       0
       0
       2
       0
       2
       1
       1
       0
       2
       2
       0
       0
       3
       0
       0
       0
       0
       1
       1
       0
       0
       0
       0
       0
       0
       0
       2
       0
       0
       0
       1
       2
       1
       0
       0
       0
       0
       1
       1
       1
       3
       0
       1
       0
       1
       1
       0
       0
       1
       0
       1
       1
       2
       0
       1
       0
       1
       0
       0
       0
       1
       0
       1
       2
       0
       0
       1
       1
       1
       2
       0
       1
       0
       0
       0
       0
       0
       0
       2
       0
       1
       0
       3
       0
       0
       0
       0
       1
       0
       1
       1
       0
       2
       2
       0
       0
       1
       2
       1
       1
       1
       0
       0
       1
       0
       1
       1
       0
       2
       0
       0
       1
       0
       1
       1
       0
       1
       0
       1
       0
       0
       1
       2
       1
       0
       3
       1
       2
       1
       1
       0
       0
       0
       0
       2
       0
       1
       1
       0
       0
       2
       0
       0
       0
       2
       0
       0
       1
       1
       0
       3
       0
       0
       4
       2
       1
       0
       3
       2
       2
       2
       1
       0
       1
       0
       0
       2
       1
       0
       0
       1
       4
       0
       0
       0
       1
       2
       2
       2
       1
       0
       1
       0
       5
       1
       2
       2
       1
       1
       2
       0
       2
       3
       1
       2
       2
       1
       2
       1
       2
       2
       1
       1
       3
       1
       0
       4
       3
       0
       1
       1
       2
       0
       1
       3
       2
       1
       0
       2
       2
       1
       0
       3
       2
       5
       1
       2
       2
       2
       1
       0
       4
       2
       1
       0
       1
       3
       2
       2
       1
       2
       3
       2
       1
       0
       0
       1
       2
       2
       1
       2
       2
       4
       5
       1
       2
       1
       4
       0
       3
       1
       0
       4
       2
       2
       2
       1
       2
       2
       3
       3
       2
       1
       2
       1
       4
       3
       3
       4
       2
       1
       5
       2
       3
       2
       4
       1
       2
       2
       3
       3
       5
       3
       4
       3
       3
       2
       3
       0
       7
       4
       3
       4
       1
       3
       0
       3
       3
       3
       4
       4
       1
       2
       2
       1
       1
       6
       3
       4
       0
       1
       5
       4
       2
       4
       1
       6
       3
       3
       2
       4
       3
       8
       3
       5
       4
       9
       5
       6
      12
       6
       5
       2
       5
       3
       3
       2
       6
       4
       2
       5
       3
       3
       5
       5
       4
       6
       5
       4
       5
       5
       8
       5
      10
       5
       5
       1
       2
       6
       5
       6
      10
       7
      14
       8
       5
       6
       4
       6
      14
       8
       5
       7
       2
       8
       9
       7
       6
      10
       6
       9
      10
      10
      11
      16
       8
       8
      13
       9
       7
      12
       7
      16
      10
      16
       8
      11
      11
      10
      15
      12
      12
      11
      11
      10
      18
      15
       8
      19
      13
      21
      17
      14
      11
      14
      16
      14
      20
      22
      18
      20
      14
      20
      12
      19
      15
      24
      14
      25
      15
      14
      31
      20
      22
      24
      26
      25
      26
      16
      30
      24
      23
      24
      29
      28
      29
      24
      23
      28
      33
      33
      34
      32
      28
      35
      33
      37
      33
      30
      37
      30
      40
      34
      37
      42
      40
      28
      43
      45
      35
      41
      39
      51
      31
      35
      48
      39
      40
      61
      63
      53
      66
      40
      36
      41
      62
      57
      63
      67
      59
      59
      59
      68
      63
      72
      67
      69
      58
      81
      79
      62
      68
      74
      70
      89
      62
      83
      79
      65
      85
      87
      90
      99
      74
      78
      88
      80
      80
      72
      80
      93
      87
      98
      93
      91
      94
      94
      85
      98
      87
      82
     100
      98
     106
      91
     103
      96
     107
      99
      96
      99
     118
     110
     113
     111
      89
     126
     109
     115
      98
     117
     100
     117
     134
     114
     121
     108
     126
     109
     125
     105
      96
      95
      98
     110
     110
     105
     118
     118
     120
     111
     124
     110
     129
     105
     118
     118
     119
     102
     115
      91
     141
     122
     123
     117
      99
      91
     114
     107
     103
     107
     116
     105
     102
     116
     112
     121
     111
     105
     104
     109
      88
     116
      98
     103
      98
     106
      99
      88
     101
      86
     111
      96
      86
      82
     104
     111
      76
     104
      84
      70
      90
      84
      97
      72
      77
      71
      76
      78
      86
      87
      78
      71
      65
      60
      80
      53
      71
      90
      57
      58
      50
      72
      62
      63
      55
      58
      46
      54
      40
      51
      57
      47
      43
      46
      44
      30
      45
      43
      33
      43
      35
      39
      35
      27
      26
      33
      39
      29
      24
      33
      40
      29
      18
      26
      27
      24
      34
      24
      19
      20
      19
      25
      13
      13
      14
      12
      15
      15
      12
      12
      11
      12
      12
       3
      14
       9
       7
      12
       8
       3
       4
      10
       5
       6
       8
       6
       8
       6
       4
       2
       3
       4
       5
       4
       8
       3
       7
       3
       3
       5
       4
       5
       2
       4
       6
       3
       1
       2
       4
       1
       2
       1
       2
       2
       2
       0
       2
       1
       1
       1
       1
       2
       0
       0
       1
       1
       1
       0
       2
       2
       0
       0
       2
       1
       0
       0
       0
       2
       0
       1
       0
       0
       0
       1
       0
       1
       0
       0
       2
       0
       0
       1
       0
       0
       0
       0
       1
       0
       0
       0
       0
       0
       1
       0
       0
       0
       0
       0
       0
       0
       0
       0
       0
       0
       0
       0
       0
       0
       0
       1
       0
       0
       0
       0
       0
       1
       1
       0
       0
       0
       0
       1
       0
       0
       0
       0
       0
       0
       0
       0
       0
       0
       0
       0
       0
       0
       0
       0
       0
       0
       0
       0
       0
       0
       0
       0
       0
       0
       0
       1
       0
       0
       0
       0
       0
       0
       0
       0
       0
       1
       0
       0
       0
       0
       0
       0
       0
       0
       0
       0
       0
       0
       0
       0
       0
       0
       0
       0
       0
       0
       0
       0
       0
       0
       0
       0
       0
       0
       0
       0
       0
       0
       0
       0
       0
       0
       0
       0
       0
       0
       0
       0
       0
       0
       0
       0
       0
       1
       0
       0
       0
       0
       0
       0
       0
       0
       0
       0
       0
       0
       0
       0
       0
       0
       0
       0
       0
       0
       0
       0
       0
       0
       0
       0
       0
       0
       0
       0
       0
       0
       0
       0
       0
       0
       0
       0
       0
       0
       0
       0
       0
       0
       0
       0
       0
       0
       0
       0
       0
       0
       0
       0
       0
       0
       0
       0
       0
       0
       0
       0
       0
       0
       0
       0
       0
       0
       0
       0
       0
       0
       0
       0
       0
       0
       0
       0
       0
       0
       0
       0
       0
       0
       0
$ROI:
1
569 687
$PRESETS:
Real Time
120
0
$ENER_FIT:
-32.615425 1.335664
$MCA_CAL:
3
-3.261543E+001 1.335664E+000 0.000000E+000 keV
$SHAPE_CAL:
3
0.000000E+000 0.000000E+000 0.000000E+000
