$SPEC_ID:
No sample description was entered.
$SPEC_REM:
DET# 3
DETDESC# JLAB-18 MCB 131
AP# Maestro Version 7.01
$DATE_MEA:
11/28/2018 14:47:08
$MEAS_TIM:
119 120
$DATA:
0 2047
       0
       0
       0
       0
       0
       0
       0
       0
       0
       0
       0
       0
       0
       0
       0
       0
       0
       0
       0
       0
       0
       0
       0
       0
       0
       0
       0
       0
       0
       0
       0
       0
       0
       0
       0
       0
       0
       0
       0
       0
       0
       0
       0
       0
       0
       0
       0
       0
       0
       0
       0
       0
       0
       0
       0
       0
       0
       0
       0
       0
       0
       0
       0
       0
       0
       0
       0
       0
       0
       0
       0
       0
       0
       0
       0
       0
       0
       0
       0
       0
       0
       0
       0
       0
       0
       0
       0
       0
       0
       0
       0
       0
       0
       0
       0
       0
       0
       0
       0
       0
       0
       1
       2
       1
       1
       2
       1
       1
       2
       0
       1
       1
       1
       2
       0
       2
       2
       2
       1
       0
       0
       0
       0
       0
       1
       1
       1
       2
       2
       4
       2
       0
       3
       1
       0
       3
       1
       0
       1
       1
       1
       2
       0
       0
       0
       3
       0
       1
       2
       0
       1
       1
       0
       0
       1
       1
       1
       0
       2
       3
       0
       0
       0
       1
       2
       1
       1
       0
       0
       0
       1
       1
       0
       1
       0
       0
       1
       0
       2
       2
       0
       1
       0
       1
       0
       0
       0
       0
       1
       1
       0
       1
       0
       3
       0
       1
       2
       0
       0
       0
       0
       0
       2
       1
       0
       1
       2
       0
       2
       0
       0
       2
       1
       0
       0
       2
       0
       1
       0
       0
       2
       1
       0
       0
       1
       0
       1
       0
       0
       1
       0
       1
       1
       0
       0
       1
       0
       1
       0
       1
       0
       0
       3
       0
       0
       2
       2
       2
       0
       1
       1
       0
       0
       0
       0
       0
       0
       0
       1
       0
       0
       1
       1
       1
       0
       0
       1
       0
       1
       0
       1
       0
       0
       0
       1
       0
       0
       0
       0
       1
       0
       0
       2
       1
       1
       0
       2
       0
       0
       0
       1
       1
       1
       1
       0
       0
       1
       0
       1
       0
       0
       0
       1
       1
       1
       1
       1
       0
       0
       0
       0
       0
       0
       0
       0
       0
       0
       1
       1
       0
       0
       0
       0
       0
       0
       3
       0
       0
       0
       0
       1
       0
       0
       1
       1
       0
       1
       0
       0
       0
       0
       0
       1
       0
       0
       0
       1
       0
       0
       0
       0
       0
       2
       1
       0
       0
       1
       1
       0
       0
       0
       0
       0
       0
       1
       0
       1
       0
       0
       0
       0
       0
       0
       1
       1
       0
       0
       0
       1
       0
       0
       0
       0
       0
       0
       2
       0
       0
       0
       0
       0
       2
       0
       1
       0
       0
       1
       0
       0
       0
       0
       0
       0
       0
       1
       0
       0
       0
       1
       0
       1
       1
       0
       1
       0
       0
       0
       0
       1
       1
       0
       0
       1
       0
       0
       0
       1
       0
       0
       0
       0
       1
       0
       0
       0
       0
       0
       1
       0
       1
       1
       0
       0
       0
       1
       0
       0
       1
       0
       0
       1
       1
       0
       0
       0
       1
       0
       0
       1
       0
       0
       0
       0
       0
       1
       0
       0
       0
       0
       1
       1
       1
       0
       0
       1
       0
       1
       1
       1
       0
       1
       1
       1
       1
       1
       0
       0
       1
       0
       1
       0
       0
       1
       0
       1
       0
       0
       0
       0
       0
       0
       0
       0
       0
       0
       1
       0
       0
       0
       0
       0
       0
       0
       0
       0
       0
       0
       0
       0
       0
       1
       1
       0
       0
       0
       0
       0
       1
       0
       1
       1
       1
       0
       0
       0
       1
       0
       0
       0
       0
       1
       0
       0
       1
       1
       0
       0
       1
       0
       0
       0
       1
       0
       0
       0
       0
       0
       0
       0
       0
       0
       0
       0
       0
       0
       0
       0
       0
       0
       1
       0
       0
       0
       0
       0
       0
       0
       0
       0
       0
       0
       1
       0
       0
       0
       0
       1
       0
       1
       0
       0
       0
       0
       0
       0
       0
       1
       1
       0
       0
       0
       1
       0
       0
       0
       0
       1
       0
       0
       1
       0
       0
       1
       1
       0
       0
       0
       0
       1
       0
       0
       0
       0
       0
       0
       0
       1
       2
       0
       1
       0
       0
       2
       0
       0
       0
       0
       0
       0
       0
       0
       0
       0
       0
       0
       0
       0
       1
       1
       0
       1
       0
       0
       0
       0
       0
       0
       0
       2
       1
       0
       0
       0
       1
       0
       1
       1
       0
       0
       0
       0
       0
       0
       0
       0
       0
       0
       0
       0
       1
       0
       0
       1
       0
       0
       1
       0
       0
       1
       0
       0
       1
       0
       1
       2
       1
       2
       1
       1
       2
       1
       0
       0
       0
       0
       0
       1
       0
       1
       1
       1
       0
       1
       2
       0
       0
       0
       0
       1
       0
       0
       0
       0
       0
       3
       2
       0
       0
       0
       0
       0
       0
       0
       0
       3
       0
       0
       2
       1
       1
       0
       0
       1
       0
       0
       1
       2
       0
       0
       0
       1
       0
       1
       1
       0
       0
       1
       1
       0
       0
       0
       0
       0
       0
       1
       1
       0
       0
       0
       0
       0
       0
       0
       0
       0
       0
       0
       1
       0
       0
       0
       1
       2
       1
       0
       0
       0
       0
       0
       0
       0
       1
       0
       1
       1
       0
       0
       1
       0
       0
       1
       0
       0
       3
       0
       0
       0
       1
       1
       0
       1
       0
       1
       0
       0
       0
       0
       0
       0
       0
       0
       0
       3
       1
       0
       0
       2
       0
       1
       1
       1
       0
       0
       0
       0
       0
       0
       0
       1
       0
       0
       1
       1
       0
       0
       0
       3
       0
       1
       0
       0
       0
       1
       0
       0
       1
       0
       1
       1
       2
       0
       0
       0
       0
       0
       0
       0
       0
       2
       0
       0
       0
       1
       0
       0
       0
       1
       1
       0
       1
       0
       0
       1
       0
       1
       2
       0
       0
       1
       2
       0
       0
       1
       0
       2
       1
       2
       1
       0
       0
       1
       0
       1
       0
       1
       0
       0
       0
       0
       1
       2
       0
       1
       0
       0
       0
       0
       0
       0
       1
       0
       0
       0
       0
       2
       0
       0
       0
       0
       0
       0
       0
       0
       0
       1
       0
       0
       0
       0
       0
       0
       0
       1
       1
       0
       0
       0
       1
       0
       3
       3
       0
       1
       1
       2
       0
       1
       0
       0
       0
       0
       0
       0
       0
       1
       0
       0
       1
       0
       2
       0
       2
       0
       0
       0
       0
       1
       1
       1
       0
       0
       0
       0
       0
       2
       0
       1
       0
       1
       1
       3
       0
       2
       0
       0
       1
       1
       2
       0
       0
       0
       0
       0
       0
       1
       0
       1
       0
       0
       0
       0
       0
       0
       0
       0
       0
       1
       0
       0
       1
       1
       1
       2
       1
       0
       0
       1
       0
       0
       1
       1
       0
       0
       0
       0
       2
       0
       1
       0
       0
       1
       0
       1
       2
       1
       0
       1
       1
       0
       1
       0
       0
       2
       1
       0
       1
       0
       1
       2
       1
       0
       0
       0
       1
       0
       1
       1
       1
       0
       0
       3
       0
       1
       0
       1
       1
       1
       1
       0
       0
       1
       0
       0
       1
       0
       0
       1
       0
       0
       0
       0
       1
       0
       1
       1
       0
       2
       2
       1
       0
       0
       0
       1
       0
       1
       0
       0
       0
       0
       0
       0
       1
       0
       1
       1
       1
       1
       1
       2
       0
       1
       3
       2
       1
       1
       0
       1
       0
       2
       1
       0
       1
       2
       0
       2
       3
       1
       0
       1
       0
       0
       1
       0
       0
       0
       0
       2
       0
       1
       2
       0
       2
       1
       0
       0
       0
       0
       0
       1
       2
       4
       0
       0
       1
       0
       0
       0
       0
       1
       0
       0
       0
       1
       0
       1
       4
       0
       3
       1
       0
       2
       0
       0
       0
       1
       1
       1
       3
       2
       0
       2
       1
       0
       0
       2
       1
       1
       0
       0
       0
       1
       1
       0
       4
       2
       0
       1
       1
       0
       0
       2
       1
       2
       2
       0
       1
       1
       1
       1
       2
       1
       0
       0
       1
       0
       1
       1
       0
       0
       1
       1
       0
       1
       2
       2
       1
       0
       2
       1
       0
       1
       3
       0
       1
       2
       0
       2
       0
       2
       0
       0
       2
       1
       1
       4
       3
       1
       1
       3
       0
       1
       0
       1
       2
       0
       1
       0
       2
       2
       1
       1
       1
       2
       2
       1
       2
       2
       2
       0
       1
       2
       6
       0
       0
       1
       0
       0
       3
       0
       1
       0
       4
       1
       1
       1
       4
       3
       1
       0
       1
       3
       1
       0
       1
       3
       1
       1
       0
       3
       2
       1
       2
       5
       1
       2
       4
       2
       3
       1
       1
       2
       3
       5
       0
       0
       5
       2
       1
       3
       3
       3
       0
       0
       3
       3
       0
       0
       2
       5
       1
       4
       3
       2
       1
       3
       2
       4
       7
       3
       3
       2
       1
       0
       4
       4
       1
       4
       4
       0
       4
       4
       4
       5
       3
       5
       3
       1
       6
       3
       3
       2
       2
       3
       3
       2
       6
       4
       2
       3
      10
       2
       4
       4
       3
       4
       4
       3
       6
       3
       5
       5
       6
       5
       4
       1
       4
       3
       4
       5
       7
       4
       5
       6
       4
       7
       8
       8
       4
       3
       2
       3
       5
      10
       4
       3
       5
       5
       3
       8
       9
       6
       9
       6
       8
       8
       4
      14
       7
       6
      13
       7
      11
      11
      10
       4
      10
       7
       4
       8
       9
       5
       6
       8
       8
       8
      13
      12
      10
      11
      13
       8
      16
       2
       8
      15
      10
       7
      11
      11
      16
      11
      13
      12
      16
       7
      14
      14
      22
       8
       7
       8
      17
      13
      20
      18
      23
      26
      20
      20
      22
      13
      13
      28
      19
      18
      21
      16
      13
      26
      10
      18
      17
      35
      27
      28
      19
      19
      17
      20
      28
      23
      16
      29
      28
      24
      18
      23
      25
      28
      27
      27
      36
      26
      35
      32
      34
      33
      23
      30
      36
      33
      25
      38
      33
      31
      43
      45
      37
      45
      42
      39
      37
      28
      38
      49
      52
      41
      50
      52
      54
      50
      47
      55
      60
      40
      43
      48
      55
      55
      59
      57
      53
      58
      57
      58
      65
      56
      75
      71
      61
      69
      49
      69
      68
      66
      66
      58
      77
      60
      70
      71
      68
      54
      64
      63
      96
      69
      75
      86
      76
      83
      76
      88
      88
      84
      71
      90
      91
      93
      76
      87
      77
      80
      95
      88
      94
      71
      96
     107
     109
     101
      96
     100
      94
     120
     100
      92
      95
     101
     101
     111
      91
     108
     110
     114
     112
      97
     110
     108
     116
     115
     109
     103
     103
      89
     106
     103
     111
     105
     114
     106
     100
      96
     107
     113
     126
     108
      86
      98
     103
      89
      99
      95
      98
      95
     122
     104
      94
      99
     100
      92
      97
      94
     100
     109
      79
      84
      92
      99
      99
      86
     105
     108
      99
      98
      85
      90
      90
      93
      85
      88
      87
     107
      98
      84
      87
      69
      75
      62
      61
      74
      97
      76
      83
      69
      62
      61
      75
      67
      82
      63
      68
      62
      59
      61
      55
      66
      56
      60
      59
      44
      59
      59
      39
      41
      56
      51
      39
      54
      47
      52
      42
      33
      44
      38
      48
      41
      40
      39
      37
      35
      29
      33
      38
      25
      34
      40
      20
      19
      28
      24
      22
      18
      20
      18
      14
      21
      27
      21
      19
      21
      13
      17
      15
      13
       7
       8
      11
      18
      10
       8
      12
       6
       8
       7
       8
      10
       2
       9
       8
      10
      10
      12
       8
       4
       6
       2
       6
       6
       7
       6
       6
       2
       3
       2
       3
       4
       2
       1
       3
       7
       2
       6
       3
       2
       2
       1
       3
       2
       2
       0
       1
       0
       2
       1
       0
       0
       3
       3
       1
       1
       2
       1
       2
       2
       1
       1
       0
       1
       1
       1
       2
       1
       2
       0
       0
       0
       0
       0
       0
       0
       0
       1
       0
       0
       2
       1
       1
       0
       1
       0
       0
       0
       0
       0
       1
       0
       0
       0
       0
       1
       0
       0
       2
       0
       1
       0
       0
       0
       0
       0
       0
       1
       0
       0
       0
       0
       0
       0
       0
       0
       0
       0
       0
       0
       0
       0
       1
       0
       0
       0
       0
       0
       1
       0
       0
       0
       0
       0
       0
       0
       0
       0
       0
       0
       0
       0
       0
       0
       0
       0
       0
       0
       0
       0
       0
       0
       0
       0
       0
       0
       0
       0
       0
       0
       0
       0
       0
       0
       0
       0
       0
       0
       0
       0
       0
       0
       0
       0
       0
       0
       0
       0
       0
       0
       0
       0
       0
       0
       0
       0
       0
       0
       0
       0
       0
       0
       0
       0
       0
       0
       0
       0
       0
       0
       0
       0
       0
       0
       0
       0
       0
       0
       0
       0
       0
       0
       0
       0
       0
       0
       0
       0
       0
       0
       0
       0
       0
       0
       0
       0
       0
       0
       0
       0
       0
       0
       0
       0
       0
       0
       0
       0
       0
       0
       0
       0
       0
       0
       0
       0
       0
       0
       0
       0
       0
       0
       0
       0
       0
       0
       0
       0
       0
       0
       0
       0
       0
       0
       0
       0
       0
       0
       0
       0
       0
       0
       0
       0
       0
       0
       0
       0
       0
       0
       0
       0
       0
       0
       0
       0
       0
       0
       0
       0
       0
       0
       0
       0
       0
       0
       0
       0
       0
       0
       0
       0
       0
$ROI:
1
569 687
$PRESETS:
Real Time
120
0
$ENER_FIT:
-32.615425 1.335664
$MCA_CAL:
3
-3.261543E+001 1.335664E+000 0.000000E+000 keV
$SHAPE_CAL:
3
0.000000E+000 0.000000E+000 0.000000E+000
