$SPEC_ID:
No sample description was entered.
$SPEC_REM:
DET# 3
DETDESC# JLAB-18 MCB 131
AP# Maestro Version 7.01
$DATE_MEA:
11/28/2018 14:51:34
$MEAS_TIM:
119 120
$DATA:
0 2047
       0
       0
       0
       0
       0
       0
       0
       0
       0
       0
       0
       0
       0
       0
       0
       0
       0
       0
       0
       0
       0
       0
       0
       0
       0
       0
       0
       0
       0
       0
       0
       0
       0
       0
       0
       0
       0
       0
       0
       0
       0
       0
       0
       0
       0
       0
       0
       0
       0
       0
       0
       0
       0
       0
       0
       0
       0
       0
       0
       0
       0
       0
       0
       0
       0
       0
       0
       0
       0
       0
       0
       0
       0
       0
       0
       0
       0
       0
       0
       0
       0
       0
       0
       0
       0
       0
       0
       0
       0
       0
       0
       0
       0
       0
       0
       0
       0
       0
       0
       0
       0
       0
       0
       0
       1
       1
       1
       0
       0
       1
       0
       1
       2
       0
       0
       0
       0
       0
       0
       0
       2
       1
       0
       1
       0
       3
       0
       0
       2
       0
       0
       1
       0
       0
       3
       0
       0
       1
       1
       1
       1
       2
       0
       1
       0
       0
       0
       0
       0
       0
       0
       0
       1
       0
       1
       0
       0
       0
       1
       2
       1
       1
       0
       0
       1
       0
       0
       0
       0
       3
       1
       0
       0
       1
       0
       0
       2
       0
       1
       2
       1
       0
       1
       1
       0
       0
       0
       1
       0
       3
       1
       0
       0
       1
       0
       1
       0
       0
       1
       0
       0
       0
       2
       1
       0
       0
       0
       0
       2
       0
       1
       0
       1
       2
       0
       0
       0
       1
       0
       1
       0
       2
       0
       0
       0
       0
       1
       0
       0
       2
       0
       0
       0
       0
       0
       1
       0
       0
       1
       0
       0
       1
       0
       0
       0
       3
       0
       0
       0
       0
       0
       2
       0
       0
       1
       0
       0
       1
       2
       0
       0
       1
       0
       0
       0
       0
       0
       0
       0
       0
       0
       0
       1
       0
       0
       0
       0
       0
       0
       0
       0
       0
       0
       0
       0
       0
       0
       0
       1
       1
       0
       0
       0
       0
       1
       0
       0
       0
       0
       0
       0
       0
       1
       0
       0
       0
       0
       0
       1
       0
       0
       0
       0
       1
       1
       0
       1
       0
       0
       0
       0
       0
       0
       0
       0
       0
       0
       1
       1
       0
       0
       0
       1
       0
       0
       0
       0
       0
       0
       0
       1
       0
       0
       0
       0
       0
       0
       1
       0
       1
       1
       0
       0
       0
       0
       1
       0
       0
       0
       0
       0
       0
       0
       0
       0
       0
       0
       0
       0
       1
       0
       0
       1
       0
       0
       0
       0
       0
       0
       0
       0
       0
       1
       0
       0
       1
       0
       0
       0
       0
       0
       0
       0
       0
       0
       0
       0
       0
       0
       0
       0
       1
       0
       0
       1
       0
       0
       0
       0
       2
       1
       2
       1
       0
       0
       1
       0
       0
       0
       0
       3
       0
       0
       0
       0
       0
       0
       1
       0
       0
       0
       0
       0
       0
       0
       0
       0
       1
       1
       0
       0
       0
       0
       1
       0
       0
       0
       1
       0
       0
       0
       0
       1
       0
       0
       0
       1
       0
       0
       1
       0
       1
       0
       0
       0
       0
       0
       0
       0
       1
       1
       0
       0
       1
       0
       0
       1
       0
       0
       0
       0
       1
       0
       0
       0
       0
       1
       0
       0
       0
       0
       0
       1
       0
       0
       0
       0
       0
       0
       0
       0
       0
       0
       0
       0
       0
       1
       0
       0
       0
       1
       1
       0
       0
       0
       0
       0
       0
       0
       0
       2
       0
       0
       0
       1
       1
       0
       0
       0
       0
       0
       0
       0
       0
       0
       0
       0
       0
       0
       0
       0
       0
       0
       0
       0
       1
       1
       2
       1
       0
       0
       0
       0
       0
       0
       0
       0
       0
       0
       0
       1
       0
       0
       1
       0
       0
       0
       0
       0
       0
       1
       0
       0
       0
       0
       0
       0
       0
       1
       0
       1
       1
       0
       0
       1
       0
       0
       1
       0
       0
       0
       0
       0
       0
       0
       0
       2
       0
       0
       0
       2
       0
       0
       0
       0
       0
       0
       0
       0
       0
       0
       0
       0
       0
       0
       0
       1
       0
       0
       0
       0
       0
       0
       0
       0
       0
       0
       2
       0
       0
       1
       0
       0
       0
       0
       0
       0
       0
       0
       0
       0
       0
       0
       1
       0
       0
       0
       0
       0
       0
       1
       0
       0
       0
       1
       0
       0
       0
       0
       0
       0
       0
       0
       0
       0
       0
       1
       0
       0
       0
       0
       1
       0
       0
       0
       0
       0
       0
       0
       1
       1
       0
       0
       0
       0
       0
       0
       0
       1
       0
       0
       1
       0
       0
       0
       0
       1
       0
       0
       1
       0
       0
       1
       0
       0
       0
       0
       0
       0
       0
       2
       0
       0
       0
       1
       0
       0
       0
       0
       0
       1
       0
       0
       1
       0
       0
       0
       0
       0
       0
       0
       0
       0
       1
       0
       1
       0
       0
       0
       0
       0
       0
       0
       0
       0
       0
       0
       0
       0
       0
       0
       0
       0
       0
       1
       0
       0
       0
       0
       1
       0
       1
       0
       0
       1
       0
       0
       1
       1
       0
       1
       0
       1
       1
       0
       0
       1
       0
       0
       0
       0
       1
       1
       0
       0
       0
       0
       1
       1
       0
       0
       0
       1
       0
       0
       1
       0
       0
       0
       1
       0
       2
       0
       2
       0
       0
       0
       0
       0
       0
       0
       0
       0
       0
       0
       0
       2
       0
       0
       0
       0
       0
       0
       0
       0
       0
       0
       0
       2
       0
       0
       2
       0
       0
       0
       0
       0
       0
       0
       0
       0
       1
       0
       0
       0
       1
       0
       2
       1
       1
       0
       1
       1
       0
       0
       1
       1
       0
       0
       0
       0
       0
       0
       1
       0
       0
       0
       0
       0
       1
       0
       0
       0
       0
       0
       0
       0
       0
       0
       0
       0
       0
       0
       0
       0
       0
       0
       0
       0
       0
       0
       0
       0
       1
       1
       0
       0
       0
       1
       0
       0
       0
       0
       0
       0
       0
       0
       0
       0
       0
       0
       0
       0
       0
       0
       0
       1
       0
       0
       0
       2
       0
       1
       1
       0
       0
       1
       0
       0
       0
       3
       0
       0
       0
       0
       0
       0
       0
       0
       0
       0
       0
       0
       2
       1
       0
       0
       0
       0
       0
       0
       3
       0
       0
       0
       0
       0
       0
       0
       0
       0
       0
       0
       0
       0
       0
       1
       0
       1
       1
       0
       0
       1
       0
       0
       0
       0
       0
       1
       0
       1
       0
       0
       1
       0
       0
       2
       0
       0
       1
       1
       0
       0
       0
       1
       0
       1
       0
       1
       1
       0
       0
       0
       0
       2
       0
       1
       1
       1
       1
       0
       0
       0
       1
       0
       0
       0
       0
       0
       0
       0
       0
       0
       0
       0
       0
       0
       1
       0
       1
       1
       0
       0
       2
       0
       1
       1
       0
       1
       0
       0
       0
       0
       2
       0
       0
       0
       0
       0
       0
       0
       0
       1
       0
       0
       1
       0
       0
       0
       0
       0
       0
       1
       0
       0
       0
       0
       0
       0
       0
       0
       1
       0
       1
       0
       1
       0
       0
       0
       1
       0
       0
       1
       1
       2
       0
       0
       0
       0
       1
       0
       2
       0
       0
       0
       0
       0
       1
       1
       1
       0
       0
       2
       0
       1
       0
       0
       0
       1
       0
       1
       0
       2
       0
       0
       0
       1
       0
       1
       1
       1
       2
       0
       0
       0
       0
       1
       0
       0
       0
       1
       0
       0
       1
       1
       0
       0
       0
       2
       1
       1
       0
       0
       0
       0
       1
       0
       0
       1
       0
       0
       1
       0
       0
       0
       0
       0
       1
       1
       1
       0
       2
       0
       1
       0
       0
       0
       0
       1
       0
       0
       0
       2
       1
       1
       0
       1
       1
       2
       0
       0
       0
       2
       0
       0
       0
       1
       1
       2
       0
       1
       0
       1
       0
       0
       0
       0
       1
       1
       0
       1
       0
       1
       4
       0
       0
       0
       0
       0
       1
       1
       1
       0
       0
       3
       0
       0
       0
       2
       0
       0
       1
       0
       0
       1
       0
       1
       1
       0
       1
       0
       1
       3
       1
       1
       1
       2
       1
       0
       0
       1
       0
       0
       0
       0
       1
       1
       0
       1
       0
       0
       1
       0
       0
       2
       0
       0
       2
       0
       0
       2
       1
       0
       0
       1
       0
       0
       0
       1
       1
       2
       2
       1
       1
       0
       0
       1
       0
       2
       0
       0
       0
       3
       0
       2
       0
       1
       0
       0
       2
       3
       2
       1
       1
       1
       1
       3
       1
       1
       3
       1
       1
       0
       0
       0
       3
       2
       2
       1
       0
       2
       0
       3
       2
       2
       1
       5
       1
       0
       0
       2
       1
       1
       2
       1
       2
       0
       0
       5
       2
       2
       0
       4
       3
       3
       0
       1
       0
       2
       2
       0
       3
       2
       2
       1
       1
       0
       1
       1
       2
       1
       0
       0
       0
       2
       6
       3
       4
       1
       3
       1
       3
       2
       1
       3
       4
       2
       2
       0
       1
       3
       2
       1
       2
       4
       2
       3
       4
       2
       0
       2
       1
       4
       2
       2
       5
       3
       5
       3
       5
       1
       0
       2
       2
       6
       4
       4
       2
       3
       3
       4
       2
       1
       4
       1
       3
       2
       0
       2
       6
       1
       6
       3
       2
       4
       7
       6
       4
       2
       6
       8
       8
       3
       5
       7
       6
       3
       5
       5
       3
       2
       5
       6
       6
       5
       5
       6
       9
       2
       6
      12
       2
       7
       3
       5
       6
       6
       4
       5
       4
       5
       4
       9
       5
       8
       4
       9
       9
       5
       6
      10
      14
       7
       8
       7
       6
      12
       9
       8
      15
      12
      15
       9
      11
       9
       8
      10
       7
       9
      10
      11
       5
       8
       6
      13
      13
      12
      13
      14
      10
      16
      10
      15
      11
      14
      12
      24
      10
      19
      19
      16
      19
      17
      10
      12
      10
      12
      16
       9
      17
      23
      22
      21
      18
      19
      20
      15
      18
      17
      28
      14
      28
      20
      26
      22
      17
      28
      18
      22
      33
      18
      26
      24
      25
      29
      30
      28
      27
      35
      24
      26
      29
      21
      36
      24
      50
      37
      28
      41
      41
      29
      35
      33
      37
      36
      39
      40
      30
      40
      46
      40
      46
      58
      47
      44
      50
      42
      54
      55
      51
      44
      51
      61
      58
      59
      46
      49
      45
      48
      51
      44
      57
      48
      53
      58
      50
      62
      49
      59
      55
      54
      47
      60
      56
      74
      73
      59
      52
      51
      63
      53
      55
      61
      43
      54
      50
      56
      55
      60
      50
      57
      79
      65
      80
      58
      68
      46
      59
      71
      66
      63
      66
      59
      60
      54
      67
      78
      74
      53
      73
      54
      76
      57
      57
      51
      64
      59
      55
      62
      64
      53
      66
      55
      52
      74
      41
      55
      53
      53
      65
      59
      62
      51
      61
      68
      40
      62
      54
      45
      68
      56
      69
      54
      47
      41
      65
      50
      47
      40
      49
      46
      56
      46
      42
      34
      45
      46
      54
      44
      40
      42
      24
      44
      52
      48
      47
      46
      41
      38
      27
      35
      42
      42
      37
      42
      35
      30
      36
      35
      29
      37
      30
      32
      26
      36
      42
      31
      25
      17
      30
      24
      18
      16
      21
      22
      17
      21
      24
      16
      24
      16
      21
      15
      18
      13
      16
      15
      14
      12
      21
      17
      10
       8
       9
      16
      15
      13
       8
      13
      15
       6
      11
       3
       5
       5
       3
       8
       3
       6
       8
       8
       8
       2
       7
       8
       3
       8
       3
       5
       4
       0
       3
       2
       3
       8
       4
       4
       3
       3
       1
       5
       1
       3
       1
       1
       5
       2
       0
       2
       1
       0
       2
       5
       0
       2
       2
       3
       2
       0
       1
       1
       1
       2
       1
       0
       0
       3
       0
       0
       0
       1
       0
       0
       2
       0
       0
       0
       1
       0
       1
       0
       0
       0
       0
       0
       0
       1
       0
       0
       1
       1
       0
       0
       0
       0
       0
       1
       0
       1
       0
       0
       0
       0
       0
       1
       0
       0
       0
       0
       0
       0
       0
       0
       0
       0
       0
       0
       0
       0
       0
       0
       0
       0
       0
       0
       0
       0
       0
       0
       0
       0
       0
       0
       0
       0
       0
       0
       0
       0
       0
       1
       0
       0
       0
       0
       0
       0
       0
       0
       0
       0
       0
       0
       0
       0
       0
       0
       0
       0
       0
       0
       0
       0
       0
       0
       0
       0
       0
       0
       0
       0
       0
       0
       0
       0
       0
       0
       0
       0
       0
       0
       0
       0
       1
       0
       0
       0
       0
       0
       0
       0
       0
       0
       0
       0
       0
       0
       0
       0
       0
       0
       0
       0
       0
       0
       0
       0
       0
       0
       0
       0
       0
       0
       0
       0
       0
       0
       0
       0
       0
       0
       0
       0
       0
       0
       0
       0
       0
       0
       0
       0
       0
       0
       0
       0
       0
       0
       0
       0
       0
       0
       0
       0
       0
       0
       0
       0
       0
       0
       0
       0
       0
       0
       0
       0
       0
       0
       0
       0
       0
       0
       0
       0
       0
       0
       0
       0
       0
       0
       0
       0
       0
       0
       0
       0
       0
       0
       0
       0
       0
       0
       0
       0
       0
       0
       0
       0
       0
       0
       0
       0
       0
       0
       0
       0
       0
       0
       0
       0
       0
       0
       0
       0
       0
       0
       0
       0
       0
       0
       0
       0
       0
       0
       0
       0
       0
       0
       0
$ROI:
1
569 687
$PRESETS:
Real Time
120
0
$ENER_FIT:
-32.615425 1.335664
$MCA_CAL:
3
-3.261543E+001 1.335664E+000 0.000000E+000 keV
$SHAPE_CAL:
3
0.000000E+000 0.000000E+000 0.000000E+000
