$SPEC_ID:
No sample description was entered.
$SPEC_REM:
DET# 3
DETDESC# JLAB-18 MCB 131
AP# Maestro Version 7.01
$DATE_MEA:
11/26/2018 15:00:38
$MEAS_TIM:
119 120
$DATA:
0 2047
       0
       0
       0
       0
       0
       0
       0
       0
       0
       0
       0
       0
       0
       0
       0
       0
       0
       0
       0
       0
       0
       0
       0
       0
       0
       0
       0
       0
       0
       0
       0
       0
       0
       0
       0
       0
       0
       0
       0
       0
       0
       0
       0
       0
       0
       0
       0
       0
       0
       0
       0
       0
       0
       0
       0
       0
       0
       0
       0
       0
       0
       0
       0
       0
       0
       0
       0
       0
       0
       0
       0
       0
       0
       0
       0
       0
       0
       0
       0
       0
       0
       0
       0
       0
       0
       0
       0
       0
       0
       0
       0
       0
       0
       0
       0
       0
       0
       0
       0
       0
       0
       2
       1
       1
       1
       0
       0
       2
       0
       1
       0
       0
       2
       1
       1
       2
       0
       0
       0
       0
       0
       0
       0
       0
       0
       0
       0
       0
       0
       1
       1
       1
       0
       0
       0
       0
       1
       0
       0
       1
       1
       1
       0
       0
       0
       0
       0
       0
       0
       1
       2
       0
       1
       1
       0
       1
       0
       0
       0
       1
       0
       0
       0
       0
       1
       0
       0
       0
       0
       0
       1
       0
       1
       0
       1
       0
       0
       0
       0
       0
       2
       0
       1
       0
       0
       2
       0
       1
       0
       0
       0
       2
       0
       0
       0
       0
       3
       1
       1
       0
       1
       1
       0
       0
       0
       0
       1
       0
       0
       0
       0
       1
       0
       0
       0
       0
       0
       0
       0
       0
       0
       0
       0
       0
       0
       0
       0
       0
       0
       0
       0
       0
       0
       0
       0
       1
       1
       0
       0
       1
       0
       0
       0
       1
       0
       0
       1
       0
       0
       1
       0
       0
       0
       1
       0
       1
       0
       0
       1
       1
       0
       0
       0
       0
       0
       1
       0
       0
       0
       0
       0
       0
       0
       1
       0
       0
       0
       1
       0
       0
       0
       0
       0
       0
       1
       1
       0
       0
       0
       1
       0
       2
       0
       1
       1
       1
       0
       0
       1
       1
       0
       0
       1
       0
       0
       0
       2
       0
       1
       1
       0
       1
       0
       0
       0
       0
       1
       0
       0
       1
       1
       0
       1
       0
       0
       0
       0
       1
       1
       0
       0
       0
       1
       0
       2
       1
       0
       0
       3
       1
       0
       0
       0
       0
       0
       0
       0
       0
       0
       1
       1
       1
       0
       0
       0
       0
       1
       0
       0
       2
       1
       0
       0
       0
       0
       1
       1
       0
       0
       0
       1
       0
       0
       0
       0
       0
       0
       0
       0
       3
       0
       0
       0
       0
       0
       0
       0
       0
       0
       0
       0
       0
       0
       0
       0
       0
       0
       0
       1
       0
       0
       2
       0
       0
       0
       0
       0
       0
       0
       0
       0
       0
       0
       1
       0
       0
       1
       0
       0
       2
       0
       0
       0
       0
       0
       0
       0
       0
       1
       1
       0
       0
       0
       0
       0
       1
       0
       1
       0
       0
       0
       0
       0
       0
       0
       0
       0
       0
       0
       0
       0
       1
       1
       0
       0
       0
       0
       0
       0
       1
       1
       1
       1
       0
       0
       0
       0
       0
       0
       0
       1
       0
       1
       0
       1
       1
       1
       1
       1
       0
       1
       1
       0
       0
       0
       1
       0
       0
       2
       0
       0
       0
       0
       0
       1
       0
       0
       0
       1
       1
       0
       0
       1
       0
       1
       0
       0
       0
       0
       1
       1
       0
       1
       0
       0
       1
       1
       0
       0
       1
       0
       0
       0
       0
       2
       1
       0
       0
       0
       0
       2
       1
       0
       1
       0
       1
       2
       0
       0
       0
       0
       0
       1
       0
       0
       2
       1
       0
       1
       1
       0
       0
       1
       0
       2
       0
       1
       0
       0
       2
       1
       0
       1
       1
       0
       1
       0
       2
       1
       4
       1
       0
       0
       0
       1
       1
       0
       1
       2
       2
       1
       0
       0
       0
       1
       2
       1
       1
       2
       1
       0
       0
       0
       0
       1
       2
       1
       0
       0
       1
       1
       1
       0
       2
       2
       0
       2
       1
       0
       0
       2
       0
       1
       1
       0
       0
       1
       1
       2
       0
       1
       2
       0
       1
       1
       1
       1
       0
       0
       0
       0
       0
       0
       0
       0
       1
       0
       1
       1
       2
       1
       0
       1
       5
       1
       0
       1
       3
       1
       2
       3
       2
       1
       0
       3
       1
       1
       0
       0
       0
       1
       1
       0
       3
       1
       0
       4
       0
       2
       1
       1
       2
       1
       1
       1
       3
       0
       1
       1
       2
       4
       1
       0
       0
       1
       2
       1
       0
       0
       0
       2
       3
       3
       1
       2
       1
       1
       0
       2
       1
       6
       4
       1
       0
       1
       1
       2
       4
       2
       2
       1
       1
       4
       0
       0
       1
       2
       0
       8
       3
       1
       2
       0
       2
       2
       5
       2
       5
       1
       0
       1
       1
       2
       3
       6
       2
       2
       2
       2
       1
       4
       3
       1
       5
       2
       1
       0
       2
       2
       2
       2
       4
       6
       3
       2
       0
       2
       3
       3
       2
       3
       4
       2
       0
       4
       2
       6
       0
       3
       3
       2
       3
       5
       2
       2
       7
       3
       0
       1
       7
       5
       6
       3
       2
       5
       7
       3
       2
       4
       4
       5
       3
       4
       6
       1
       4
       5
       3
       4
       5
       3
       1
       7
      10
       2
       0
       4
       4
       4
       2
       4
       6
       3
       3
       8
       5
       4
       7
       2
       8
       3
       8
       4
       6
       3
       6
       3
       8
       6
       7
       5
       8
       3
      10
       5
       6
       5
       6
       6
      10
       4
       5
       8
       8
       9
       7
      18
       6
      11
       7
       3
      10
      10
       7
       7
      13
       6
       9
       8
      10
       8
       9
      14
       7
       6
      10
       7
       9
       7
      13
       8
      10
      14
       7
      10
      11
      10
      12
       9
      14
      16
       8
      17
      16
      17
       6
      14
      10
      13
      11
      14
      15
      21
       7
      14
      15
       9
      15
      12
      16
      24
      14
       7
      10
      16
      17
      20
      19
      13
      15
      13
      18
      18
      20
      17
      15
      26
      18
      16
      19
      26
      17
      16
      11
      20
      15
      17
      19
      16
      10
      27
      23
      23
      25
      25
      24
      14
      19
      32
      20
      20
      32
      19
      21
      27
      22
      28
      29
      29
      23
      28
      28
      25
      25
      23
      29
      34
      35
      30
      23
      30
      33
      25
      29
      28
      24
      38
      30
      35
      27
      32
      25
      39
      31
      27
      35
      25
      34
      38
      25
      43
      27
      33
      28
      40
      27
      29
      36
      35
      39
      25
      33
      29
      20
      38
      32
      32
      34
      42
      38
      27
      34
      33
      30
      48
      32
      31
      23
      30
      25
      48
      38
      29
      39
      43
      37
      31
      34
      31
      59
      44
      41
      25
      34
      40
      39
      30
      32
      44
      39
      43
      31
      44
      39
      44
      31
      42
      34
      36
      34
      40
      44
      43
      49
      42
      40
      43
      42
      40
      49
      46
      38
      39
      41
      45
      31
      32
      43
      45
      37
      44
      39
      34
      46
      39
      40
      41
      41
      40
      35
      39
      39
      41
      42
      34
      36
      61
      48
      45
      39
      35
      44
      37
      46
      30
      51
      40
      37
      43
      30
      28
      51
      51
      37
      30
      28
      50
      52
      33
      25
      37
      34
      31
      46
      38
      34
      39
      37
      44
      32
      39
      34
      31
      39
      38
      28
      42
      23
      38
      38
      31
      31
      35
      32
      37
      33
      31
      24
      17
      34
      30
      25
      22
      32
      30
      19
      28
      22
      19
      28
      31
      31
      22
      25
      28
      29
      21
      23
      15
      17
      29
      19
      21
      20
      22
      21
      23
      24
      15
      21
      18
      17
      13
      13
      16
      19
      20
      12
      16
      11
      18
      17
      13
      12
      14
      10
      10
       9
      15
      16
      15
      20
       8
       8
      11
       9
      16
      10
      13
       9
      14
       5
      10
      16
       9
       9
       7
      12
       9
       5
       7
       6
       6
      11
       6
       9
      11
       8
       7
       3
       5
       4
       8
       7
       8
       8
       7
       6
       5
       5
       4
       1
       0
       5
       2
       2
       6
       3
       1
       2
       5
       0
       5
       3
       1
       1
       1
       2
       0
       5
       1
       0
       1
       6
       1
       2
       3
       3
       0
       3
       3
       0
       2
       1
       4
       2
       0
       0
       0
       1
       0
       0
       2
       1
       3
       0
       0
       1
       0
       0
       0
       1
       1
       0
       0
       0
       0
       1
       2
       1
       2
       0
       0
       0
       0
       0
       0
       0
       0
       0
       0
       0
       0
       0
       1
       0
       1
       0
       0
       0
       0
       0
       0
       1
       0
       0
       0
       0
       0
       0
       0
       0
       0
       0
       0
       0
       0
       0
       1
       0
       0
       0
       0
       0
       0
       0
       0
       0
       0
       0
       0
       0
       0
       0
       0
       0
       1
       0
       0
       0
       0
       1
       0
       0
       0
       0
       0
       0
       0
       0
       0
       0
       0
       0
       0
       0
       0
       0
       1
       0
       0
       0
       0
       0
       1
       0
       0
       0
       0
       1
       0
       0
       0
       0
       0
       0
       0
       0
       1
       0
       0
       1
       0
       0
       0
       0
       0
       0
       0
       0
       0
       0
       0
       0
       0
       0
       0
       0
       0
       0
       0
       0
       0
       0
       0
       0
       0
       0
       0
       0
       0
       0
       0
       0
       0
       0
       0
       0
       0
       0
       0
       0
       0
       0
       0
       0
       0
       0
       0
       0
       0
       0
       0
       0
       0
       0
       0
       0
       0
       0
       0
       0
       0
       0
       0
       0
       0
       0
       0
       0
       0
       0
       0
       0
       0
       0
       0
       0
       0
       0
       0
       0
       0
       0
       0
       0
       0
       0
       0
       0
       0
       0
       0
       0
       0
       0
       0
       0
       0
       0
       0
       0
       0
       0
       0
       0
       0
       0
       0
       0
       0
       0
       0
       0
       0
       0
       0
       0
       0
       0
       0
       0
       0
       0
       0
       0
       0
       0
       0
       0
       0
       0
       0
       0
       0
       0
       0
       0
       0
       0
       0
       0
       0
       0
       0
       0
       0
       0
       0
       0
       0
       0
       0
       0
       0
       0
       0
       0
       0
       0
       0
       0
       0
       0
       0
       0
       0
       0
       0
       0
       0
       0
       0
       0
       0
       0
       0
       0
       0
       0
       0
       0
       0
       0
       0
       0
       0
       0
       0
       0
       0
       0
       0
       0
       0
       0
       0
       0
       0
       0
       0
       0
       0
       0
       0
       0
       0
       0
       0
       0
       0
       0
       0
       0
       0
       0
       0
       0
       0
       0
       0
       0
       0
       0
       0
       0
       0
       0
       0
       0
       0
       0
       0
       0
       0
       0
       0
       0
       0
       0
       0
       0
       0
       0
       0
       0
       0
       0
       0
       0
       0
       0
       0
       0
       0
       0
       0
       0
       0
       0
       0
       0
       0
       0
       0
       0
       0
       0
       0
       0
       0
       0
       0
       0
       0
       0
       0
       0
       0
       0
       0
       0
       0
       0
       0
       0
       0
       0
       0
       0
       0
       0
       0
       0
       0
       0
       0
       0
       0
       0
       0
       0
       0
       0
       0
       0
       0
       0
       0
       0
       0
       0
       0
       0
       0
       0
       0
       0
       0
       0
       0
       0
       0
       0
       0
       0
       0
       0
       0
       0
       0
       0
       0
       0
       0
       0
       0
       0
       0
       0
       0
       0
       0
       0
       0
       0
       0
       0
       0
       0
       0
       0
       0
       0
       0
       0
       0
       0
       0
       0
       0
       0
       0
       0
       0
       0
       0
       0
       0
       0
       0
       0
       0
       0
       0
       0
       0
       0
       0
       0
       0
       0
       0
       0
       0
       0
       0
       0
       0
       0
       0
       0
       0
       0
       0
       0
       0
       0
       0
       0
       0
       0
       0
       0
       0
       0
       0
       0
       0
       0
       0
       0
       0
       0
       0
       0
       0
       0
       0
       0
       0
       0
       0
       0
       0
       0
       0
       0
       0
       0
       0
       0
       0
       0
       0
       0
       0
       0
       0
       0
       0
       0
       0
       0
       0
       0
       0
       0
       0
       0
       0
       0
       0
       1
       0
       0
       0
       0
       0
       0
       0
       0
       0
       0
       0
       0
       0
       0
       0
       0
       0
       0
       0
       0
       0
       0
       0
       0
       0
       0
       0
       0
       0
       0
       0
       0
       0
       0
       0
       0
       0
       0
       0
       0
       0
       0
       0
       0
       0
       0
       0
       0
       0
       0
       0
       0
       0
       0
       0
       0
       0
       0
       0
       0
       0
       0
       0
       0
       0
       0
       0
       0
       0
       0
       0
       0
       0
       0
       0
       0
       0
       0
       0
       0
       0
       0
       0
       0
       0
       0
       0
       0
       0
       0
       0
       0
       0
       0
       0
       0
       0
       0
       0
       0
       0
       0
       0
       0
       0
       0
       0
       0
       0
       0
       0
       0
       0
       0
       0
       0
       0
       0
       0
       0
       0
       0
       0
       0
       0
       0
       0
       0
       0
       0
       0
       0
       0
       0
       0
       0
       0
       0
       0
       0
       0
       0
       0
       0
       0
       0
       0
       0
       0
       0
       0
       0
       0
       0
       0
       0
       0
       0
       0
       0
       0
       0
       0
       0
       0
       0
       0
       0
       0
       0
       0
       0
       0
       0
       0
       0
       0
       0
       0
       0
       0
       0
       0
       0
       0
       0
       0
       0
       0
       0
       0
       0
       0
       0
       0
       0
       0
       0
       0
       0
       0
       0
       0
       0
       0
       0
       0
       0
       0
       0
       0
       0
       0
       0
$ROI:
1
569 687
$PRESETS:
Real Time
120
0
$ENER_FIT:
-32.615425 1.335664
$MCA_CAL:
3
-3.261543E+001 1.335664E+000 0.000000E+000 keV
$SHAPE_CAL:
3
0.000000E+000 0.000000E+000 0.000000E+000
