$SPEC_ID:
No sample description was entered.
$SPEC_REM:
DET# 3
DETDESC# JLAB-18 MCB 131
AP# Maestro Version 7.01
$DATE_MEA:
11/26/2018 15:03:29
$MEAS_TIM:
119 120
$DATA:
0 2047
       0
       0
       0
       0
       0
       0
       0
       0
       0
       0
       0
       0
       0
       0
       0
       0
       0
       0
       0
       0
       0
       0
       0
       0
       0
       0
       0
       0
       0
       0
       0
       0
       0
       0
       0
       0
       0
       0
       0
       0
       0
       0
       0
       0
       0
       0
       0
       0
       0
       0
       0
       0
       0
       0
       0
       0
       0
       0
       0
       0
       0
       0
       0
       0
       0
       0
       0
       0
       0
       0
       0
       0
       0
       0
       0
       0
       0
       0
       0
       0
       0
       0
       0
       0
       0
       0
       0
       0
       0
       0
       0
       0
       0
       0
       0
       0
       0
       0
       0
       1
       0
       0
       2
       0
       0
       0
       0
       2
       0
       0
       2
       0
       0
       2
       2
       0
       0
       0
       0
       0
       1
       0
       0
       0
       0
       0
       1
       0
       0
       0
       0
       0
       1
       0
       0
       0
       1
       0
       0
       0
       1
       0
       0
       0
       0
       0
       0
       0
       0
       2
       0
       0
       2
       0
       0
       0
       0
       1
       0
       1
       0
       2
       0
       1
       1
       0
       1
       1
       0
       0
       2
       0
       0
       0
       0
       0
       0
       0
       0
       1
       1
       0
       1
       0
       1
       0
       0
       0
       0
       0
       0
       0
       1
       0
       0
       0
       0
       0
       0
       2
       0
       0
       1
       0
       0
       1
       1
       0
       0
       0
       0
       1
       2
       0
       0
       0
       0
       0
       0
       1
       1
       0
       0
       0
       0
       2
       3
       0
       0
       2
       2
       0
       2
       0
       1
       0
       0
       0
       0
       0
       0
       0
       0
       0
       0
       0
       0
       1
       0
       0
       0
       0
       1
       0
       1
       0
       0
       0
       1
       0
       0
       0
       1
       0
       1
       0
       1
       1
       0
       0
       0
       0
       1
       0
       0
       1
       0
       0
       0
       0
       1
       0
       0
       1
       0
       0
       0
       1
       0
       0
       0
       1
       0
       0
       0
       0
       0
       0
       0
       0
       0
       0
       0
       0
       0
       0
       0
       0
       0
       0
       0
       0
       0
       0
       0
       0
       1
       0
       0
       0
       0
       0
       0
       0
       0
       0
       0
       0
       0
       0
       0
       0
       1
       0
       0
       1
       0
       0
       1
       0
       0
       0
       1
       0
       1
       0
       0
       0
       1
       0
       1
       0
       0
       1
       0
       1
       0
       0
       0
       0
       1
       0
       0
       0
       0
       0
       1
       0
       0
       1
       0
       0
       0
       2
       1
       0
       1
       0
       0
       1
       0
       0
       0
       0
       0
       0
       1
       1
       0
       1
       1
       1
       0
       1
       0
       0
       0
       0
       0
       0
       0
       0
       0
       1
       0
       0
       0
       0
       0
       0
       0
       0
       0
       0
       1
       0
       0
       0
       1
       0
       1
       0
       0
       0
       0
       0
       0
       0
       0
       2
       0
       0
       0
       1
       0
       1
       1
       0
       0
       0
       0
       0
       0
       0
       1
       0
       0
       1
       0
       2
       1
       0
       0
       0
       0
       0
       1
       0
       0
       2
       0
       0
       0
       1
       1
       0
       0
       0
       0
       1
       0
       2
       0
       0
       0
       0
       0
       0
       1
       1
       0
       0
       1
       0
       0
       1
       2
       0
       0
       0
       0
       0
       0
       0
       0
       0
       1
       1
       0
       0
       1
       0
       0
       0
       1
       0
       0
       1
       0
       0
       1
       1
       1
       1
       0
       2
       0
       1
       1
       0
       1
       0
       0
       0
       1
       1
       1
       0
       0
       0
       1
       0
       0
       2
       1
       1
       0
       0
       1
       1
       2
       1
       1
       1
       0
       0
       1
       1
       0
       1
       0
       2
       1
       0
       0
       0
       1
       1
       1
       0
       1
       0
       2
       3
       0
       1
       4
       0
       0
       1
       1
       0
       0
       1
       3
       0
       0
       0
       0
       1
       0
       0
       0
       0
       1
       0
       0
       0
       0
       1
       2
       3
       1
       2
       1
       0
       0
       0
       1
       0
       1
       3
       0
       1
       0
       2
       0
       2
       0
       0
       1
       0
       1
       1
       0
       1
       1
       0
       0
       1
       0
       0
       3
       0
       0
       0
       1
       0
       2
       3
       4
       2
       1
       1
       2
       4
       0
       1
       3
       1
       2
       2
       2
       1
       2
       1
       0
       1
       0
       1
       1
       1
       1
       1
       3
       2
       1
       1
       4
       0
       1
       4
       0
       0
       1
       2
       0
       3
       0
       3
       3
       2
       0
       2
       1
       2
       0
       2
       4
       0
       0
       1
       0
       0
       2
       0
       4
       0
       1
       2
       2
       5
       0
       2
       1
       1
       0
       4
       1
       1
       1
       0
       2
       0
       3
       2
       3
       1
       3
       1
       1
       2
       2
       1
       1
       3
       0
       1
       0
       1
       1
       0
       2
       0
       8
       4
       3
       2
       1
       1
       0
       4
       1
       3
       4
       2
       4
       5
       0
       3
       2
       0
       1
       3
       5
       2
       7
       2
       2
       1
       3
       3
       3
       2
       4
       2
       0
       4
       2
       1
       3
       6
       1
       2
       7
       3
       3
       4
       3
       3
       7
       2
       2
       3
       2
       4
       3
       2
       3
       4
       5
       4
       5
       4
      10
       2
       4
       3
       6
       5
       2
       4
       5
       5
       4
       1
       4
       3
       4
       4
       6
       3
       1
       4
       5
       1
       1
       6
       6
       2
       5
       7
       2
       4
       4
       5
       5
       7
       3
       4
       4
       6
       6
       7
       7
       5
       6
       5
       7
       5
      15
       7
       7
       4
       5
      14
       4
       5
       7
      12
       8
       9
       6
       7
      10
      10
       8
      13
       7
      11
       6
       5
      13
      10
      11
       7
      10
       8
       9
      11
       7
       2
       8
      12
      12
      14
      12
       6
       5
      12
      10
      15
      11
       7
       8
       8
      11
      12
      13
      13
       9
      14
      13
       9
       8
      16
      17
      13
      16
      10
      15
      18
      15
      13
       9
       9
      19
      14
      19
      16
      16
      13
      16
      16
      18
      15
       8
      13
       9
      18
      10
      26
      15
      22
      16
      18
      13
      17
      15
      17
      24
      26
      20
      23
      11
      19
      10
      21
      26
      24
      35
      32
      22
      19
      17
      14
      23
      23
      22
      21
      32
      21
      17
      24
      20
      22
      23
      25
      14
      29
      29
      18
      25
      29
      37
      31
      22
      30
      23
      28
      28
      25
      27
      21
      22
      37
      40
      43
      36
      31
      31
      28
      25
      34
      27
      34
      31
      42
      39
      35
      30
      34
      33
      39
      37
      37
      38
      41
      39
      37
      27
      35
      34
      42
      40
      29
      38
      22
      30
      34
      37
      46
      34
      38
      22
      39
      39
      24
      42
      38
      48
      40
      31
      34
      41
      36
      32
      47
      43
      36
      38
      44
      38
      40
      39
      30
      44
      49
      38
      37
      32
      41
      43
      44
      42
      36
      39
      43
      46
      36
      45
      32
      42
      42
      37
      44
      38
      35
      30
      47
      33
      51
      28
      42
      49
      38
      43
      48
      44
      37
      35
      40
      48
      49
      43
      51
      38
      34
      51
      38
      35
      33
      33
      46
      38
      40
      45
      36
      43
      52
      42
      39
      37
      48
      46
      34
      47
      48
      30
      41
      44
      35
      30
      36
      45
      38
      34
      32
      22
      36
      43
      41
      36
      24
      27
      30
      30
      33
      40
      35
      31
      37
      35
      26
      29
      29
      27
      27
      22
      31
      20
      24
      39
      29
      25
      28
      36
      34
      21
      33
      31
      30
      27
      21
      23
      18
      21
      37
      19
      18
      14
      24
      13
      26
      25
      31
      12
      30
      29
      17
      15
      18
      27
      29
      20
      20
      24
      21
      17
      21
      17
      16
      14
      17
      21
      16
      17
      17
      19
      16
      15
      11
      19
      11
      13
      11
      12
      18
      13
      21
      12
      11
      13
      12
      11
       5
       8
       5
      14
       9
      10
      12
      11
       9
      11
      12
       7
       8
       6
       7
       4
       8
       4
       6
       4
       7
      10
       8
       8
       6
       3
       4
       7
       2
       5
       4
       5
       6
       6
       5
       6
       6
       2
       3
       0
       4
       3
       5
       1
       2
       1
       4
       4
       3
       3
       0
       4
       2
       3
       1
       1
       1
       4
       1
       1
       0
       2
       2
       1
       0
       3
       2
       1
       0
       4
       1
       1
       0
       2
       1
       2
       0
       2
       1
       1
       0
       0
       1
       0
       0
       0
       0
       0
       0
       1
       0
       0
       0
       0
       0
       0
       2
       0
       2
       0
       0
       0
       0
       0
       0
       0
       0
       2
       1
       0
       0
       1
       0
       0
       1
       0
       0
       0
       0
       1
       0
       0
       0
       1
       1
       0
       0
       0
       0
       0
       0
       0
       0
       0
       0
       0
       0
       1
       0
       0
       1
       1
       1
       0
       0
       0
       0
       0
       0
       0
       0
       0
       0
       0
       0
       0
       0
       0
       0
       0
       0
       0
       0
       0
       0
       0
       0
       0
       0
       0
       0
       0
       0
       0
       0
       0
       0
       0
       0
       0
       0
       0
       0
       0
       0
       0
       0
       0
       0
       0
       0
       0
       0
       0
       0
       0
       0
       0
       0
       0
       0
       0
       0
       1
       0
       0
       0
       0
       0
       0
       0
       0
       0
       0
       0
       0
       0
       0
       0
       0
       0
       0
       0
       0
       0
       0
       0
       0
       0
       0
       0
       0
       0
       0
       0
       0
       0
       0
       1
       0
       0
       0
       0
       0
       0
       0
       0
       0
       0
       0
       0
       0
       0
       0
       0
       0
       0
       0
       0
       0
       0
       0
       0
       0
       0
       0
       0
       0
       0
       0
       0
       0
       0
       0
       0
       0
       0
       0
       0
       0
       0
       0
       0
       0
       0
       0
       0
       0
       0
       0
       0
       0
       0
       0
       1
       0
       0
       0
       0
       0
       0
       0
       0
       0
       0
       0
       0
       0
       0
       0
       0
       0
       0
       0
       0
       0
       0
       0
       0
       0
       0
       0
       0
       0
       0
       0
       0
       0
       0
       0
       0
       0
       0
       0
       0
       0
       0
       0
       0
       0
       0
       0
       0
       0
       0
       0
       0
       0
       0
       0
       0
       0
       0
       0
       0
       0
       0
       0
       0
       0
       0
       0
       0
       0
       0
       0
       0
       0
       0
       0
       0
       0
       0
       0
       0
       0
       0
       0
       0
       0
       0
       0
       0
       0
       0
       0
       0
       0
       0
       0
       0
       0
       0
       0
       0
       0
       0
       0
       0
       0
       0
       0
       0
       0
       0
       0
       0
       0
       0
       0
       0
       0
       0
       0
       0
       0
       0
       0
       0
       0
       0
       0
       0
       0
       0
       0
       0
       0
       0
       0
       0
       0
       0
       0
       0
       0
       0
       0
       0
       0
       0
       0
       0
       0
       0
       0
       0
       0
       0
       0
       0
       0
       0
       0
       0
       0
       0
       0
       0
       0
       0
       0
       0
       0
       0
       0
       0
       0
       0
       0
       0
       0
       0
       0
       0
       0
       0
       0
       0
       0
       0
       0
       0
       0
       0
       0
       0
       0
       0
       0
       0
       0
       0
       0
       0
       0
       0
       0
       0
       0
       0
       0
       0
       0
       0
       0
       0
       0
       0
       0
       0
       0
       0
       0
       0
       0
       0
       0
       0
       0
       0
       0
       0
       0
       0
       0
       0
       0
       0
       0
       0
       0
       0
       0
       0
       0
       0
       0
       0
       0
       0
       0
       0
       0
       0
       0
       0
       0
       0
       0
       0
       0
       0
       0
       0
       0
       0
       0
       0
       0
       0
       0
       0
       0
       0
       0
       0
       0
       0
       0
       0
       0
       0
       0
       0
       0
       0
       0
       0
       0
       0
       0
       0
       0
       0
       0
       0
       0
       0
       0
       0
       0
       0
       0
       0
       0
       0
       0
       0
       0
       0
       0
       0
       0
       0
       0
       0
       0
       0
       0
       0
       0
       0
       0
       0
       0
       0
       0
       0
       0
       0
       0
       0
       0
       0
       0
       0
       0
       0
       0
       0
       0
       0
       0
       0
       0
       0
       0
       0
       0
       0
       0
       0
       0
       0
       0
       0
       0
       0
       0
       0
       0
       0
       0
       0
       0
       0
       0
       0
       0
       0
       0
       0
       0
       0
       0
       0
       0
       0
       0
       0
       0
       0
       0
       0
       0
       0
       0
       0
       0
       0
       0
       0
       0
       0
       0
       0
       0
       0
       0
       0
       0
       0
       0
       0
       0
       0
       0
       0
       0
       0
       0
       0
       0
       0
       0
       0
       0
       0
       0
       0
       0
       0
       0
       0
       0
       0
       0
       0
       0
       0
       0
       0
       0
       0
       0
       0
       0
       0
       0
       0
       0
       0
       0
       0
       0
       0
       0
       0
       0
       0
       0
       0
       0
       0
       0
       0
       0
       0
       0
       0
       0
       0
       0
       0
       0
       0
       0
       0
       0
       0
       0
       0
       0
       0
       0
       0
       0
       0
       0
       0
       0
       0
       0
       0
       0
       0
       0
       0
       0
       0
       0
       0
       0
       0
       0
       0
       0
       0
       0
       0
       0
       0
       0
       0
       0
       0
       0
       0
       0
       0
       0
       0
       0
       0
       0
       0
       0
       0
       0
       0
       0
       0
       0
       0
       0
       0
       0
       0
       0
       0
       0
       0
       0
       0
       0
       0
       0
       0
       0
       0
       0
       0
       0
       0
       0
       0
       0
       0
       0
       0
       0
       0
       0
       0
       0
       0
       0
       0
       0
       0
       0
       0
       0
       0
       0
       0
       0
       0
       0
       0
       0
       0
$ROI:
1
569 687
$PRESETS:
Real Time
120
0
$ENER_FIT:
-32.615425 1.335664
$MCA_CAL:
3
-3.261543E+001 1.335664E+000 0.000000E+000 keV
$SHAPE_CAL:
3
0.000000E+000 0.000000E+000 0.000000E+000
